Length,K,E,D,I,Y,V,N,Q,F,A,T,L,W,H,M,S,C,P,G,R
194,8.24742268041237,4.639175257731959,7.216494845360824,1.5463917525773196,1.5463917525773196,11.855670103092782,1.5463917525773196,4.123711340206185,5.154639175257731,9.278350515463918,5.154639175257731,9.278350515463918,0.5154639175257731,1.5463917525773196,3.608247422680412,4.639175257731959,1.5463917525773196,2.5773195876288657,10.824742268041238,5.154639175257731
172,5.232558139534884,5.813953488372093,2.3255813953488373,5.813953488372093,3.488372093023256,8.720930232558139,3.488372093023256,2.9069767441860463,4.651162790697675,4.069767441860465,2.3255813953488373,11.627906976744185,2.3255813953488373,1.744186046511628,2.3255813953488373,6.395348837209303,3.488372093023256,2.9069767441860463,12.790697674418606,7.55813953488372
184,5.434782608695652,8.695652173913043,7.608695652173914,1.6304347826086956,5.978260869565218,7.065217391304348,1.0869565217391304,3.804347826086957,4.3478260869565215,8.695652173913043,5.978260869565218,4.3478260869565215,0.5434782608695652,0.0,4.891304347826087,4.891304347826087,0.5434782608695652,4.891304347826087,10.326086956521738,9.239130434782608
107,1.8691588785046727,0.0,1.8691588785046727,0.9345794392523363,3.7383177570093453,7.476635514018691,0.0,0.0,2.803738317757009,10.2803738317757,10.2803738317757,25.233644859813083,0.9345794392523363,3.7383177570093453,3.7383177570093453,5.607476635514018,0.9345794392523363,6.5420560747663545,8.411214953271028,5.607476635514018
192,6.25,5.729166666666666,3.6458333333333335,2.083333333333333,1.5625,6.770833333333333,3.6458333333333335,1.5625,6.770833333333333,13.541666666666666,4.6875,3.125,0.5208333333333333,2.083333333333333,6.770833333333333,10.416666666666668,2.604166666666667,6.770833333333333,8.854166666666668,2.604166666666667
126,12.698412698412698,5.555555555555555,1.5873015873015872,0.7936507936507936,0.7936507936507936,3.968253968253968,3.1746031746031744,0.7936507936507936,1.5873015873015872,16.666666666666664,7.936507936507936,4.761904761904762,0.7936507936507936,0.7936507936507936,3.1746031746031744,8.73015873015873,1.5873015873015872,3.968253968253968,11.11111111111111,9.523809523809524
135,3.7037037037037033,7.4074074074074066,5.9259259259259265,2.9629629629629632,2.2222222222222223,11.851851851851853,2.2222222222222223,4.444444444444445,5.185185185185185,7.4074074074074066,2.9629629629629632,6.666666666666667,0.7407407407407408,5.185185185185185,3.7037037037037033,5.9259259259259265,1.4814814814814816,5.9259259259259265,6.666666666666667,7.4074074074074066
173,4.624277456647398,6.358381502890173,6.9364161849710975,4.046242774566474,2.312138728323699,10.982658959537572,1.7341040462427744,4.046242774566474,0.5780346820809248,5.780346820809249,2.8901734104046244,8.092485549132949,6.9364161849710975,3.4682080924855487,2.312138728323699,4.624277456647398,0.5780346820809248,8.670520231213873,9.248554913294797,5.780346820809249
158,3.1645569620253164,5.063291139240507,3.79746835443038,3.1645569620253164,4.430379746835443,8.860759493670885,2.5316455696202533,2.5316455696202533,5.063291139240507,11.39240506329114,6.329113924050633,4.430379746835443,0.6329113924050633,0.0,3.1645569620253164,6.962025316455696,2.5316455696202533,6.962025316455696,12.658227848101266,6.329113924050633
124,10.483870967741936,1.6129032258064515,0.0,3.225806451612903,0.0,5.64516129032258,2.4193548387096775,0.0,2.4193548387096775,17.741935483870968,7.258064516129033,2.4193548387096775,0.0,0.8064516129032258,7.258064516129033,10.483870967741936,2.4193548387096775,4.032258064516129,9.67741935483871,12.096774193548388
176,6.25,8.522727272727272,5.681818181818182,3.4090909090909087,1.7045454545454544,8.522727272727272,2.272727272727273,2.272727272727273,4.545454545454546,12.5,6.25,11.931818181818182,0.0,2.272727272727273,1.7045454545454544,5.681818181818182,1.1363636363636365,2.840909090909091,5.681818181818182,6.8181818181818175
127,10.236220472440944,4.724409448818897,2.3622047244094486,5.511811023622047,3.937007874015748,8.661417322834646,1.574803149606299,1.574803149606299,5.511811023622047,11.023622047244094,4.724409448818897,10.236220472440944,0.0,0.7874015748031495,2.3622047244094486,9.448818897637794,1.574803149606299,5.511811023622047,6.299212598425196,3.937007874015748
68,7.352941176470589,10.294117647058822,4.411764705882353,5.88235294117647,1.4705882352941175,1.4705882352941175,0.0,5.88235294117647,0.0,4.411764705882353,1.4705882352941175,8.823529411764707,0.0,4.411764705882353,5.88235294117647,8.823529411764707,0.0,7.352941176470589,13.23529411764706,8.823529411764707
148,6.756756756756757,5.405405405405405,5.405405405405405,4.054054054054054,2.027027027027027,5.405405405405405,4.054054054054054,4.054054054054054,2.027027027027027,10.135135135135135,6.081081081081082,11.486486486486488,2.027027027027027,1.3513513513513513,1.3513513513513513,6.756756756756757,1.3513513513513513,3.3783783783783785,13.513513513513514,3.3783783783783785
103,7.766990291262135,8.737864077669903,5.825242718446602,0.0,0.9708737864077669,6.796116504854369,1.9417475728155338,8.737864077669903,5.825242718446602,13.592233009708737,2.912621359223301,6.796116504854369,0.0,0.9708737864077669,7.766990291262135,4.854368932038835,4.854368932038835,1.9417475728155338,4.854368932038835,4.854368932038835
137,4.37956204379562,4.37956204379562,4.37956204379562,5.109489051094891,3.64963503649635,8.75912408759124,2.18978102189781,5.109489051094891,8.02919708029197,10.218978102189782,3.64963503649635,16.05839416058394,1.4598540145985401,4.37956204379562,2.18978102189781,5.109489051094891,0.0,1.4598540145985401,4.37956204379562,5.109489051094891
160,15.0,7.5,11.25,2.5,1.875,6.25,3.75,1.25,1.25,10.625,5.625,3.75,0.625,2.5,2.5,5.625,1.875,3.75,7.5,5.0
110,5.454545454545454,6.363636363636363,2.727272727272727,5.454545454545454,0.9090909090909091,10.909090909090908,0.9090909090909091,1.8181818181818181,1.8181818181818181,16.363636363636363,3.6363636363636362,8.181818181818182,0.0,0.0,3.6363636363636362,6.363636363636363,0.9090909090909091,7.2727272727272725,9.090909090909092,8.181818181818182
181,2.7624309392265194,2.7624309392265194,1.6574585635359116,1.6574585635359116,0.0,7.734806629834254,1.1049723756906076,5.524861878453039,0.5524861878453038,13.812154696132598,6.077348066298343,11.049723756906078,0.0,2.209944751381215,3.314917127071823,7.734806629834254,2.7624309392265194,12.70718232044199,10.497237569060774,6.077348066298343
172,10.465116279069768,5.232558139534884,8.13953488372093,5.232558139534884,1.1627906976744187,5.232558139534884,2.9069767441860463,4.069767441860465,3.488372093023256,13.953488372093023,4.069767441860465,8.720930232558139,1.744186046511628,1.744186046511628,0.5813953488372093,6.976744186046512,4.069767441860465,2.9069767441860463,5.232558139534884,4.069767441860465
192,4.6875,7.291666666666667,3.6458333333333335,4.166666666666666,4.166666666666666,8.333333333333332,3.6458333333333335,9.895833333333332,2.083333333333333,8.333333333333332,2.604166666666667,10.416666666666668,1.5625,1.0416666666666665,3.125,5.729166666666666,1.0416666666666665,4.6875,8.854166666666668,4.6875
145,16.551724137931036,5.517241379310345,5.517241379310345,3.4482758620689653,2.0689655172413794,13.10344827586207,4.827586206896552,1.3793103448275863,2.0689655172413794,8.96551724137931,3.4482758620689653,4.827586206896552,0.6896551724137931,1.3793103448275863,2.0689655172413794,6.206896551724138,0.0,2.7586206896551726,4.827586206896552,10.344827586206897
187,6.417112299465241,4.27807486631016,4.81283422459893,2.13903743315508,2.13903743315508,5.347593582887701,1.06951871657754,5.347593582887701,3.2085561497326207,11.229946524064172,6.951871657754011,6.951871657754011,0.0,3.2085561497326207,2.13903743315508,8.02139037433155,0.53475935828877,9.62566844919786,11.76470588235294,4.81283422459893
168,4.761904761904762,7.142857142857142,2.976190476190476,1.7857142857142856,2.380952380952381,3.571428571428571,1.1904761904761905,8.333333333333332,0.5952380952380952,16.071428571428573,7.738095238095238,4.761904761904762,0.5952380952380952,0.5952380952380952,2.380952380952381,7.738095238095238,0.0,7.142857142857142,11.30952380952381,8.928571428571429
175,3.428571428571429,5.142857142857142,5.142857142857142,4.0,2.857142857142857,7.428571428571429,4.0,2.2857142857142856,5.714285714285714,9.714285714285714,8.571428571428571,8.571428571428571,2.2857142857142856,0.5714285714285714,3.428571428571429,6.2857142857142865,2.2857142857142856,3.428571428571429,10.285714285714285,4.571428571428571
168,6.547619047619048,5.357142857142857,5.357142857142857,1.7857142857142856,1.1904761904761905,3.571428571428571,2.976190476190476,3.571428571428571,2.976190476190476,7.738095238095238,6.547619047619048,10.119047619047619,1.7857142857142856,2.380952380952381,1.1904761904761905,7.738095238095238,6.547619047619048,6.547619047619048,8.333333333333332,7.738095238095238
129,1.550387596899225,6.976744186046512,3.875968992248062,3.10077519379845,1.550387596899225,9.30232558139535,2.3255813953488373,5.426356589147287,3.10077519379845,14.728682170542637,4.651162790697675,5.426356589147287,2.3255813953488373,1.550387596899225,3.10077519379845,4.651162790697675,0.7751937984496124,3.10077519379845,9.30232558139535,13.178294573643413
182,9.340659340659341,3.296703296703297,2.7472527472527473,4.395604395604396,4.945054945054945,8.241758241758241,6.043956043956044,5.4945054945054945,5.4945054945054945,8.241758241758241,6.043956043956044,3.8461538461538463,1.6483516483516485,3.296703296703297,3.8461538461538463,6.043956043956044,1.098901098901099,3.8461538461538463,3.296703296703297,8.791208791208792
145,8.96551724137931,6.206896551724138,3.4482758620689653,3.4482758620689653,2.7586206896551726,9.655172413793103,2.7586206896551726,2.7586206896551726,2.7586206896551726,11.724137931034482,6.896551724137931,8.96551724137931,2.0689655172413794,0.6896551724137931,2.0689655172413794,4.827586206896552,2.7586206896551726,5.517241379310345,6.896551724137931,4.827586206896552
115,6.956521739130435,5.217391304347826,0.0,6.086956521739131,1.7391304347826086,6.086956521739131,4.3478260869565215,4.3478260869565215,2.608695652173913,10.434782608695652,2.608695652173913,10.434782608695652,1.7391304347826086,3.4782608695652173,3.4782608695652173,6.956521739130435,0.8695652173913043,4.3478260869565215,6.086956521739131,12.173913043478262
192,2.604166666666667,4.166666666666666,1.5625,5.208333333333334,1.5625,6.770833333333333,2.083333333333333,3.6458333333333335,3.125,15.625,4.6875,13.020833333333334,1.0416666666666665,1.0416666666666665,2.604166666666667,12.5,1.5625,7.291666666666667,4.6875,5.208333333333334
120,8.333333333333332,10.0,7.5,2.5,2.5,8.333333333333332,1.6666666666666667,1.6666666666666667,4.166666666666666,10.0,3.3333333333333335,8.333333333333332,1.6666666666666667,0.8333333333333334,2.5,6.666666666666667,1.6666666666666667,6.666666666666667,6.666666666666667,5.0
145,4.137931034482759,8.275862068965518,3.4482758620689653,2.0689655172413794,3.4482758620689653,8.96551724137931,2.7586206896551726,3.4482758620689653,1.3793103448275863,13.10344827586207,1.3793103448275863,9.655172413793103,3.4482758620689653,2.7586206896551726,0.6896551724137931,6.206896551724138,0.6896551724137931,6.896551724137931,10.344827586206897,6.896551724137931
191,1.0471204188481675,2.094240837696335,2.094240837696335,3.1413612565445024,2.094240837696335,9.947643979057592,2.094240837696335,4.18848167539267,6.282722513089005,18.32460732984293,5.2356020942408374,9.424083769633508,3.1413612565445024,2.6178010471204187,3.664921465968586,4.18848167539267,1.0471204188481675,8.37696335078534,8.900523560209423,2.094240837696335
161,2.484472049689441,4.3478260869565215,1.2422360248447204,1.2422360248447204,1.8633540372670807,12.422360248447205,3.7267080745341614,3.7267080745341614,6.832298136645963,11.180124223602485,3.1055900621118013,8.695652173913043,1.8633540372670807,1.2422360248447204,5.590062111801243,3.1055900621118013,0.6211180124223602,8.074534161490684,14.285714285714285,4.3478260869565215
167,3.592814371257485,4.790419161676647,8.982035928143713,2.3952095808383236,2.3952095808383236,4.191616766467066,2.3952095808383236,1.1976047904191618,5.389221556886228,5.389221556886228,2.9940119760479043,1.1976047904191618,2.3952095808383236,1.7964071856287425,1.7964071856287425,13.17365269461078,0.5988023952095809,9.580838323353294,5.9880239520958085,19.760479041916167
187,12.299465240641712,8.55614973262032,4.81283422459893,5.347593582887701,0.53475935828877,1.6042780748663104,2.13903743315508,5.88235294117647,2.13903743315508,12.834224598930483,9.090909090909092,8.02139037433155,0.0,1.6042780748663104,4.27807486631016,6.417112299465241,0.53475935828877,2.6737967914438503,5.347593582887701,5.88235294117647
184,7.608695652173914,10.326086956521738,6.521739130434782,3.804347826086957,3.260869565217391,4.3478260869565215,5.434782608695652,4.891304347826087,4.3478260869565215,6.521739130434782,6.521739130434782,10.869565217391305,0.5434782608695652,1.6304347826086956,3.260869565217391,2.1739130434782608,2.1739130434782608,3.260869565217391,5.434782608695652,7.065217391304348
130,20.76923076923077,5.384615384615385,1.5384615384615385,3.8461538461538463,0.7692307692307693,7.6923076923076925,3.8461538461538463,4.615384615384616,2.307692307692308,9.230769230769232,6.153846153846154,10.76923076923077,0.0,0.7692307692307693,2.307692307692308,4.615384615384616,0.0,2.307692307692308,3.8461538461538463,9.230769230769232
187,3.2085561497326207,3.2085561497326207,5.88235294117647,2.13903743315508,3.2085561497326207,7.4866310160427805,5.347593582887701,4.81283422459893,5.347593582887701,12.834224598930483,8.55614973262032,9.090909090909092,2.13903743315508,0.0,2.6737967914438503,8.55614973262032,3.2085561497326207,1.6042780748663104,5.88235294117647,4.81283422459893
60,1.6666666666666667,6.666666666666667,3.3333333333333335,5.0,1.6666666666666667,0.0,1.6666666666666667,5.0,0.0,18.333333333333332,3.3333333333333335,6.666666666666667,3.3333333333333335,1.6666666666666667,3.3333333333333335,6.666666666666667,3.3333333333333335,16.666666666666664,8.333333333333332,3.3333333333333335
189,2.6455026455026456,5.82010582010582,7.4074074074074066,2.1164021164021163,3.1746031746031744,9.523809523809524,3.7037037037037033,2.6455026455026456,3.7037037037037033,8.465608465608465,5.82010582010582,10.052910052910052,0.5291005291005291,2.1164021164021163,1.0582010582010581,7.4074074074074066,1.0582010582010581,9.523809523809524,8.465608465608465,4.761904761904762
79,12.658227848101266,7.59493670886076,0.0,3.79746835443038,0.0,1.2658227848101267,6.329113924050633,10.126582278481013,2.5316455696202533,12.658227848101266,3.79746835443038,7.59493670886076,1.2658227848101267,2.5316455696202533,3.79746835443038,6.329113924050633,3.79746835443038,3.79746835443038,6.329113924050633,3.79746835443038
161,6.211180124223603,3.7267080745341614,3.7267080745341614,3.1055900621118013,1.2422360248447204,9.316770186335404,1.8633540372670807,3.1055900621118013,3.7267080745341614,18.012422360248447,7.453416149068323,8.695652173913043,0.0,4.968944099378882,0.6211180124223602,7.453416149068323,0.6211180124223602,5.590062111801243,8.074534161490684,2.484472049689441
124,7.258064516129033,8.870967741935484,6.451612903225806,0.0,5.64516129032258,7.258064516129033,2.4193548387096775,4.032258064516129,2.4193548387096775,4.838709677419355,4.838709677419355,9.67741935483871,0.8064516129032258,2.4193548387096775,3.225806451612903,8.064516129032258,4.838709677419355,4.838709677419355,4.032258064516129,8.064516129032258
77,3.896103896103896,0.0,0.0,14.285714285714285,0.0,5.194805194805195,1.2987012987012987,0.0,11.688311688311687,7.792207792207792,3.896103896103896,27.27272727272727,2.5974025974025974,0.0,1.2987012987012987,2.5974025974025974,1.2987012987012987,11.688311688311687,2.5974025974025974,2.5974025974025974
178,2.247191011235955,5.056179775280898,5.617977528089887,1.1235955056179776,1.6853932584269662,6.741573033707865,3.3707865168539324,3.932584269662921,3.3707865168539324,17.97752808988764,2.8089887640449436,8.98876404494382,0.0,2.247191011235955,2.8089887640449436,6.741573033707865,2.247191011235955,11.797752808988763,5.617977528089887,5.617977528089887
131,6.106870229007633,6.106870229007633,3.816793893129771,1.5267175572519083,5.343511450381679,6.106870229007633,5.343511450381679,0.0,3.0534351145038165,13.740458015267176,6.870229007633588,9.923664122137405,3.0534351145038165,0.0,0.7633587786259541,4.580152671755725,0.7633587786259541,6.106870229007633,8.396946564885496,8.396946564885496
189,4.761904761904762,6.349206349206349,5.291005291005291,5.82010582010582,0.5291005291005291,7.4074074074074066,3.1746031746031744,4.232804232804233,2.1164021164021163,16.402116402116402,5.82010582010582,7.936507936507936,0.5291005291005291,2.1164021164021163,3.7037037037037033,4.232804232804233,2.6455026455026456,4.232804232804233,6.878306878306878,5.82010582010582
158,6.962025316455696,6.962025316455696,4.430379746835443,6.962025316455696,2.5316455696202533,3.1645569620253164,3.79746835443038,6.329113924050633,2.5316455696202533,10.759493670886076,3.1645569620253164,11.39240506329114,1.89873417721519,2.5316455696202533,2.5316455696202533,5.063291139240507,0.6329113924050633,10.126582278481013,3.79746835443038,4.430379746835443
178,9.550561797752808,6.741573033707865,5.056179775280898,5.617977528089887,3.932584269662921,9.550561797752808,2.8089887640449436,3.932584269662921,5.056179775280898,7.303370786516854,3.932584269662921,6.741573033707865,0.5617977528089888,1.6853932584269662,1.6853932584269662,4.49438202247191,1.1235955056179776,1.6853932584269662,7.865168539325842,10.674157303370785
146,3.4246575342465753,15.753424657534246,4.10958904109589,4.10958904109589,3.4246575342465753,4.10958904109589,2.73972602739726,6.164383561643835,6.164383561643835,15.753424657534246,3.4246575342465753,6.8493150684931505,0.684931506849315,2.73972602739726,5.47945205479452,5.47945205479452,3.4246575342465753,2.73972602739726,2.73972602739726,0.684931506849315
180,3.888888888888889,9.444444444444445,9.444444444444445,3.3333333333333335,4.444444444444445,7.222222222222221,6.666666666666667,3.3333333333333335,3.888888888888889,5.555555555555555,1.1111111111111112,8.88888888888889,1.6666666666666667,1.6666666666666667,2.7777777777777777,8.333333333333332,1.1111111111111112,7.777777777777778,6.666666666666667,2.7777777777777777
154,9.090909090909092,1.2987012987012987,3.896103896103896,1.2987012987012987,3.896103896103896,11.03896103896104,4.545454545454546,6.493506493506493,4.545454545454546,14.935064935064934,7.142857142857142,7.142857142857142,1.2987012987012987,1.2987012987012987,1.2987012987012987,8.441558441558442,1.948051948051948,3.896103896103896,2.5974025974025974,3.896103896103896
184,1.6304347826086956,5.978260869565218,2.717391304347826,3.804347826086957,1.0869565217391304,5.978260869565218,1.6304347826086956,6.521739130434782,2.717391304347826,18.478260869565215,4.3478260869565215,6.521739130434782,0.0,0.0,1.0869565217391304,12.5,0.5434782608695652,3.804347826086957,10.869565217391305,9.782608695652174
112,7.142857142857142,1.7857142857142856,4.464285714285714,7.142857142857142,3.571428571428571,4.464285714285714,4.464285714285714,1.7857142857142856,6.25,8.928571428571429,5.357142857142857,16.964285714285715,0.8928571428571428,3.571428571428571,6.25,3.571428571428571,2.6785714285714284,5.357142857142857,3.571428571428571,1.7857142857142856
176,7.954545454545454,6.8181818181818175,7.954545454545454,4.545454545454546,2.272727272727273,6.25,2.272727272727273,9.090909090909092,5.681818181818182,2.840909090909091,5.113636363636364,10.795454545454545,0.0,2.272727272727273,3.4090909090909087,5.681818181818182,0.5681818181818182,5.681818181818182,6.25,4.545454545454546
159,2.515723270440252,8.80503144654088,5.660377358490567,2.515723270440252,3.7735849056603774,6.289308176100629,0.628930817610063,17.61006289308176,1.8867924528301887,12.578616352201259,1.8867924528301887,7.547169811320755,0.0,1.8867924528301887,1.8867924528301887,7.547169811320755,1.8867924528301887,4.40251572327044,3.7735849056603774,6.918238993710692
185,0.5405405405405406,2.1621621621621623,1.6216216216216217,7.567567567567568,5.405405405405405,8.64864864864865,1.6216216216216217,3.783783783783784,7.027027027027027,9.72972972972973,3.783783783783784,10.27027027027027,2.1621621621621623,2.1621621621621623,2.7027027027027026,7.567567567567568,0.5405405405405406,7.567567567567568,8.64864864864865,6.486486486486487
151,4.635761589403973,6.622516556291391,5.960264900662252,3.3112582781456954,1.9867549668874174,3.9735099337748347,1.3245033112582782,12.582781456953644,3.9735099337748347,12.582781456953644,3.3112582781456954,14.56953642384106,0.0,0.6622516556291391,5.960264900662252,4.635761589403973,2.6490066225165565,1.9867549668874174,5.960264900662252,3.3112582781456954
99,10.1010101010101,1.0101010101010102,3.0303030303030303,6.0606060606060606,1.0101010101010102,9.090909090909092,4.040404040404041,3.0303030303030303,2.0202020202020203,19.19191919191919,7.07070707070707,7.07070707070707,0.0,0.0,2.0202020202020203,8.080808080808081,0.0,8.080808080808081,5.05050505050505,4.040404040404041
164,1.8292682926829267,2.4390243902439024,6.097560975609756,8.536585365853659,3.6585365853658534,6.707317073170732,3.048780487804878,3.048780487804878,7.317073170731707,9.75609756097561,3.048780487804878,9.146341463414634,5.487804878048781,1.8292682926829267,2.4390243902439024,6.707317073170732,2.4390243902439024,4.878048780487805,7.317073170731707,4.2682926829268295
150,2.666666666666667,2.0,0.6666666666666667,4.666666666666667,3.3333333333333335,8.0,1.3333333333333335,1.3333333333333335,1.3333333333333335,18.666666666666668,6.666666666666667,12.666666666666668,1.3333333333333335,0.0,2.0,9.333333333333334,0.6666666666666667,6.0,12.666666666666668,4.666666666666667
189,4.232804232804233,6.878306878306878,4.232804232804233,4.761904761904762,4.761904761904762,7.936507936507936,3.7037037037037033,2.6455026455026456,9.523809523809524,12.16931216931217,3.7037037037037033,9.523809523809524,0.0,1.0582010582010581,2.6455026455026456,6.349206349206349,2.6455026455026456,2.6455026455026456,6.878306878306878,3.7037037037037033
133,2.2556390977443606,8.270676691729323,3.007518796992481,3.7593984962406015,3.7593984962406015,6.7669172932330826,0.7518796992481203,2.2556390977443606,2.2556390977443606,15.789473684210526,3.7593984962406015,9.774436090225564,1.5037593984962405,4.511278195488721,5.263157894736842,3.007518796992481,0.7518796992481203,8.270676691729323,8.270676691729323,6.015037593984962
153,6.535947712418301,6.535947712418301,4.57516339869281,4.57516339869281,2.6143790849673203,10.457516339869281,3.9215686274509802,3.9215686274509802,3.2679738562091507,6.535947712418301,3.2679738562091507,11.76470588235294,1.9607843137254901,1.3071895424836601,3.2679738562091507,9.15032679738562,1.3071895424836601,5.88235294117647,3.9215686274509802,5.228758169934641
168,4.166666666666666,1.7857142857142856,2.380952380952381,7.738095238095238,3.571428571428571,7.142857142857142,1.7857142857142856,2.976190476190476,6.547619047619048,15.476190476190476,5.357142857142857,10.714285714285714,2.976190476190476,2.976190476190476,1.7857142857142856,7.738095238095238,1.1904761904761905,7.142857142857142,3.571428571428571,2.976190476190476
96,9.375,5.208333333333334,4.166666666666666,3.125,2.083333333333333,11.458333333333332,3.125,1.0416666666666665,3.125,10.416666666666668,5.208333333333334,3.125,1.0416666666666665,2.083333333333333,2.083333333333333,13.541666666666666,3.125,6.25,3.125,7.291666666666667
159,6.289308176100629,7.547169811320755,12.578616352201259,5.031446540880504,0.628930817610063,6.289308176100629,4.40251572327044,3.1446540880503147,6.289308176100629,9.433962264150944,5.031446540880504,10.062893081761008,0.0,0.0,4.40251572327044,5.031446540880504,1.8867924528301887,1.257861635220126,5.031446540880504,5.660377358490567
168,5.952380952380952,2.976190476190476,5.357142857142857,1.1904761904761905,2.380952380952381,6.547619047619048,1.7857142857142856,16.666666666666664,1.7857142857142856,12.5,4.166666666666666,10.714285714285714,0.0,1.7857142857142856,4.166666666666666,2.976190476190476,0.0,5.357142857142857,4.166666666666666,9.523809523809524
117,9.401709401709402,5.128205128205128,0.0,1.7094017094017095,0.8547008547008548,8.547008547008547,0.8547008547008548,2.564102564102564,0.8547008547008548,17.094017094017094,7.6923076923076925,8.547008547008547,0.0,0.8547008547008548,3.418803418803419,11.965811965811966,0.8547008547008548,4.273504273504273,8.547008547008547,6.837606837606838
145,9.655172413793103,5.517241379310345,2.7586206896551726,3.4482758620689653,2.0689655172413794,8.96551724137931,3.4482758620689653,3.4482758620689653,3.4482758620689653,13.793103448275861,6.896551724137931,5.517241379310345,0.0,3.4482758620689653,2.7586206896551726,6.896551724137931,2.0689655172413794,2.7586206896551726,6.206896551724138,6.896551724137931
93,2.1505376344086025,0.0,3.225806451612903,2.1505376344086025,2.1505376344086025,2.1505376344086025,6.451612903225806,4.301075268817205,6.451612903225806,17.20430107526882,10.75268817204301,3.225806451612903,1.0752688172043012,1.0752688172043012,3.225806451612903,16.129032258064516,4.301075268817205,3.225806451612903,7.526881720430108,3.225806451612903
186,9.13978494623656,4.301075268817205,8.064516129032258,2.1505376344086025,2.1505376344086025,9.67741935483871,3.225806451612903,2.1505376344086025,4.838709677419355,8.064516129032258,4.301075268817205,6.989247311827956,0.5376344086021506,2.1505376344086025,1.0752688172043012,5.913978494623656,3.225806451612903,4.838709677419355,12.903225806451612,4.301075268817205
117,9.401709401709402,19.65811965811966,5.128205128205128,0.8547008547008548,1.7094017094017095,4.273504273504273,0.0,4.273504273504273,0.8547008547008548,15.384615384615385,0.0,4.273504273504273,3.418803418803419,0.8547008547008548,3.418803418803419,4.273504273504273,5.128205128205128,5.982905982905983,9.401709401709402,1.7094017094017095
168,5.952380952380952,3.571428571428571,4.761904761904762,4.166666666666666,3.571428571428571,12.5,5.952380952380952,4.166666666666666,4.166666666666666,5.357142857142857,8.333333333333332,8.928571428571429,1.7857142857142856,4.761904761904762,2.380952380952381,4.761904761904762,1.1904761904761905,2.380952380952381,4.761904761904762,6.547619047619048
148,2.7027027027027026,4.72972972972973,4.054054054054054,0.6756756756756757,2.7027027027027026,12.162162162162163,2.7027027027027026,6.081081081081082,3.3783783783783785,12.162162162162163,1.3513513513513513,10.135135135135135,0.6756756756756757,1.3513513513513513,3.3783783783783785,4.72972972972973,2.027027027027027,8.108108108108109,9.45945945945946,7.4324324324324325
189,6.349206349206349,4.232804232804233,7.936507936507936,4.761904761904762,3.1746031746031744,8.994708994708994,1.0582010582010581,10.052910052910052,2.6455026455026456,20.634920634920633,1.5873015873015872,3.1746031746031744,1.0582010582010581,2.6455026455026456,0.5291005291005291,5.291005291005291,0.0,5.82010582010582,3.1746031746031744,6.878306878306878
120,7.5,9.166666666666666,5.0,3.3333333333333335,2.5,15.0,3.3333333333333335,4.166666666666666,0.8333333333333334,11.666666666666666,3.3333333333333335,6.666666666666667,0.0,5.833333333333333,2.5,6.666666666666667,0.0,4.166666666666666,5.0,3.3333333333333335
93,5.376344086021505,5.376344086021505,4.301075268817205,3.225806451612903,3.225806451612903,12.903225806451612,5.376344086021505,2.1505376344086025,4.301075268817205,4.301075268817205,5.376344086021505,10.75268817204301,0.0,5.376344086021505,3.225806451612903,5.376344086021505,2.1505376344086025,3.225806451612903,6.451612903225806,7.526881720430108
86,5.813953488372093,3.488372093023256,5.813953488372093,2.3255813953488373,2.3255813953488373,5.813953488372093,2.3255813953488373,5.813953488372093,1.1627906976744187,13.953488372093023,3.488372093023256,4.651162790697675,6.976744186046512,2.3255813953488373,4.651162790697675,3.488372093023256,0.0,4.651162790697675,12.790697674418606,8.13953488372093
147,4.081632653061225,8.16326530612245,10.204081632653061,2.7210884353741496,1.3605442176870748,10.204081632653061,2.0408163265306123,6.802721088435375,0.6802721088435374,8.843537414965986,4.761904761904762,9.523809523809524,0.6802721088435374,2.7210884353741496,2.7210884353741496,1.3605442176870748,2.0408163265306123,8.16326530612245,8.843537414965986,4.081632653061225
186,5.376344086021505,5.913978494623656,4.301075268817205,0.5376344086021506,1.0752688172043012,9.13978494623656,4.301075268817205,3.763440860215054,1.0752688172043012,11.29032258064516,2.1505376344086025,8.60215053763441,4.301075268817205,4.301075268817205,2.1505376344086025,8.60215053763441,1.0752688172043012,4.838709677419355,11.29032258064516,5.913978494623656
141,3.546099290780142,4.964539007092199,7.092198581560284,2.8368794326241136,2.127659574468085,6.382978723404255,4.25531914893617,2.8368794326241136,2.127659574468085,9.929078014184398,4.964539007092199,5.673758865248227,2.8368794326241136,3.546099290780142,1.4184397163120568,9.219858156028367,6.382978723404255,4.964539007092199,7.801418439716312,7.092198581560284
151,11.920529801324504,4.635761589403973,2.6490066225165565,7.28476821192053,3.3112582781456954,5.960264900662252,1.9867549668874174,1.9867549668874174,1.9867549668874174,5.960264900662252,4.635761589403973,7.9470198675496695,1.3245033112582782,2.6490066225165565,3.3112582781456954,8.609271523178808,1.3245033112582782,5.960264900662252,7.28476821192053,9.271523178807946
144,5.555555555555555,10.416666666666668,6.25,4.861111111111112,4.166666666666666,9.027777777777777,3.4722222222222223,6.25,6.25,3.4722222222222223,4.861111111111112,11.805555555555555,0.0,2.7777777777777777,4.166666666666666,2.7777777777777777,3.4722222222222223,1.3888888888888888,3.4722222222222223,5.555555555555555
74,5.405405405405405,6.756756756756757,9.45945945945946,5.405405405405405,0.0,5.405405405405405,4.054054054054054,12.162162162162163,2.7027027027027026,12.162162162162163,4.054054054054054,8.108108108108109,0.0,2.7027027027027026,5.405405405405405,8.108108108108109,0.0,0.0,6.756756756756757,1.3513513513513513
71,7.042253521126761,7.042253521126761,1.4084507042253522,1.4084507042253522,0.0,8.450704225352112,5.633802816901409,4.225352112676056,2.8169014084507045,8.450704225352112,2.8169014084507045,7.042253521126761,1.4084507042253522,0.0,1.4084507042253522,4.225352112676056,1.4084507042253522,15.492957746478872,15.492957746478872,4.225352112676056
178,5.617977528089887,5.056179775280898,3.3707865168539324,1.6853932584269662,3.3707865168539324,8.98876404494382,3.3707865168539324,3.3707865168539324,3.932584269662921,11.235955056179774,6.741573033707865,5.617977528089887,1.1235955056179776,3.932584269662921,5.056179775280898,6.741573033707865,1.6853932584269662,8.426966292134832,4.49438202247191,6.179775280898876
190,2.631578947368421,13.157894736842104,6.315789473684211,2.1052631578947367,3.1578947368421053,5.7894736842105265,0.5263157894736842,6.315789473684211,0.5263157894736842,8.947368421052632,4.736842105263158,12.105263157894736,0.5263157894736842,2.1052631578947367,2.1052631578947367,5.7894736842105265,4.2105263157894735,3.1578947368421053,10.526315789473683,5.263157894736842
144,4.166666666666666,6.25,5.555555555555555,4.166666666666666,0.6944444444444444,6.944444444444445,4.166666666666666,4.166666666666666,7.638888888888889,11.805555555555555,6.25,4.166666666666666,0.6944444444444444,0.0,4.861111111111112,6.944444444444445,1.3888888888888888,4.861111111111112,6.944444444444445,8.333333333333332
134,8.955223880597014,7.462686567164178,5.223880597014925,4.477611940298507,2.2388059701492535,3.731343283582089,4.477611940298507,4.477611940298507,2.2388059701492535,15.671641791044777,1.4925373134328357,5.223880597014925,2.9850746268656714,2.2388059701492535,2.9850746268656714,4.477611940298507,3.731343283582089,5.223880597014925,7.462686567164178,5.223880597014925
114,8.771929824561402,7.017543859649122,2.631578947368421,3.508771929824561,0.0,7.894736842105263,0.8771929824561403,4.385964912280701,3.508771929824561,16.666666666666664,4.385964912280701,7.894736842105263,0.0,0.0,1.7543859649122806,8.771929824561402,1.7543859649122806,6.140350877192982,7.894736842105263,6.140350877192982
61,6.557377049180328,1.639344262295082,3.278688524590164,8.19672131147541,1.639344262295082,9.836065573770492,4.918032786885246,3.278688524590164,1.639344262295082,6.557377049180328,8.19672131147541,13.114754098360656,3.278688524590164,1.639344262295082,3.278688524590164,1.639344262295082,0.0,8.19672131147541,11.475409836065573,1.639344262295082
121,4.132231404958678,4.958677685950414,7.43801652892562,2.479338842975207,3.3057851239669422,7.43801652892562,0.8264462809917356,7.43801652892562,2.479338842975207,9.090909090909092,4.958677685950414,9.917355371900827,0.8264462809917356,2.479338842975207,3.3057851239669422,8.264462809917356,1.6528925619834711,7.43801652892562,4.132231404958678,7.43801652892562
107,7.476635514018691,8.411214953271028,3.7383177570093453,7.476635514018691,0.9345794392523363,3.7383177570093453,4.672897196261682,3.7383177570093453,3.7383177570093453,16.822429906542055,6.5420560747663545,5.607476635514018,0.0,1.8691588785046727,0.9345794392523363,4.672897196261682,0.9345794392523363,5.607476635514018,4.672897196261682,8.411214953271028
126,2.380952380952381,6.349206349206349,6.349206349206349,5.555555555555555,3.1746031746031744,11.11111111111111,2.380952380952381,5.555555555555555,3.1746031746031744,9.523809523809524,5.555555555555555,8.73015873015873,0.7936507936507936,0.0,2.380952380952381,3.968253968253968,3.1746031746031744,3.968253968253968,7.936507936507936,7.936507936507936
130,6.923076923076923,3.8461538461538463,6.153846153846154,3.8461538461538463,3.8461538461538463,7.6923076923076925,3.076923076923077,3.076923076923077,2.307692307692308,13.076923076923078,6.153846153846154,6.923076923076923,0.7692307692307693,0.0,2.307692307692308,7.6923076923076925,0.0,3.8461538461538463,8.461538461538462,10.0
147,3.4013605442176873,4.761904761904762,2.0408163265306123,4.081632653061225,3.4013605442176873,8.843537414965986,2.0408163265306123,8.843537414965986,5.442176870748299,10.884353741496598,4.081632653061225,8.16326530612245,2.0408163265306123,0.0,4.081632653061225,5.442176870748299,0.0,8.843537414965986,7.482993197278912,6.122448979591836
96,6.25,8.333333333333332,4.166666666666666,2.083333333333333,2.083333333333333,4.166666666666666,2.083333333333333,6.25,2.083333333333333,13.541666666666666,6.25,9.375,0.0,1.0416666666666665,3.125,6.25,1.0416666666666665,1.0416666666666665,14.583333333333334,6.25
160,1.875,3.75,3.125,3.75,2.5,6.875000000000001,3.75,5.0,0.625,8.125,3.125,10.0,2.5,3.125,4.375,7.5,0.625,7.5,15.0,6.875000000000001
153,21.568627450980394,9.15032679738562,3.2679738562091507,3.9215686274509802,2.6143790849673203,6.535947712418301,1.9607843137254901,1.3071895424836601,1.9607843137254901,14.37908496732026,6.535947712418301,3.9215686274509802,0.0,1.3071895424836601,1.9607843137254901,7.18954248366013,0.0,5.88235294117647,4.57516339869281,1.9607843137254901
135,10.37037037037037,5.185185185185185,2.9629629629629632,5.185185185185185,2.2222222222222223,4.444444444444445,0.7407407407407408,6.666666666666667,2.9629629629629632,13.333333333333334,8.148148148148149,9.62962962962963,0.0,1.4814814814814816,1.4814814814814816,2.2222222222222223,0.7407407407407408,4.444444444444445,5.185185185185185,12.592592592592592
129,11.627906976744185,6.976744186046512,1.550387596899225,5.426356589147287,3.10077519379845,6.976744186046512,3.875968992248062,1.550387596899225,0.7751937984496124,13.953488372093023,3.875968992248062,10.852713178294573,0.0,1.550387596899225,0.7751937984496124,3.10077519379845,0.0,3.875968992248062,13.178294573643413,6.976744186046512
106,2.8301886792452833,3.7735849056603774,8.49056603773585,2.8301886792452833,2.8301886792452833,4.716981132075472,2.8301886792452833,4.716981132075472,4.716981132075472,18.867924528301888,5.660377358490567,7.547169811320755,1.8867924528301887,1.8867924528301887,0.9433962264150944,4.716981132075472,0.9433962264150944,7.547169811320755,4.716981132075472,7.547169811320755
129,11.627906976744185,6.976744186046512,1.550387596899225,5.426356589147287,3.10077519379845,6.976744186046512,3.875968992248062,1.550387596899225,0.7751937984496124,13.953488372093023,3.875968992248062,10.852713178294573,0.0,1.550387596899225,0.7751937984496124,3.10077519379845,0.0,3.875968992248062,13.178294573643413,6.976744186046512
135,10.37037037037037,5.185185185185185,2.9629629629629632,5.185185185185185,2.2222222222222223,4.444444444444445,0.7407407407407408,6.666666666666667,2.9629629629629632,13.333333333333334,8.148148148148149,9.62962962962963,0.0,1.4814814814814816,1.4814814814814816,2.2222222222222223,0.7407407407407408,4.444444444444445,5.185185185185185,12.592592592592592
103,9.70873786407767,3.8834951456310676,2.912621359223301,5.825242718446602,3.8834951456310676,7.766990291262135,1.9417475728155338,1.9417475728155338,1.9417475728155338,5.825242718446602,8.737864077669903,7.766990291262135,0.0,1.9417475728155338,1.9417475728155338,2.912621359223301,0.0,0.9708737864077669,15.53398058252427,14.563106796116504
129,11.627906976744185,6.976744186046512,1.550387596899225,5.426356589147287,3.10077519379845,6.976744186046512,3.875968992248062,1.550387596899225,0.7751937984496124,13.953488372093023,3.875968992248062,10.852713178294573,0.0,1.550387596899225,0.7751937984496124,3.10077519379845,0.0,3.875968992248062,13.178294573643413,6.976744186046512
135,10.37037037037037,5.185185185185185,2.9629629629629632,5.185185185185185,2.2222222222222223,4.444444444444445,0.7407407407407408,6.666666666666667,2.9629629629629632,13.333333333333334,8.148148148148149,9.62962962962963,0.0,1.4814814814814816,1.4814814814814816,2.2222222222222223,0.7407407407407408,4.444444444444445,5.185185185185185,12.592592592592592
130,3.8461538461538463,2.307692307692308,6.153846153846154,3.8461538461538463,1.5384615384615385,3.8461538461538463,0.0,6.153846153846154,5.384615384615385,22.30769230769231,3.076923076923077,9.230769230769232,0.7692307692307693,0.0,5.384615384615385,5.384615384615385,0.0,6.923076923076923,8.461538461538462,5.384615384615385
144,25.0,6.25,6.944444444444445,0.6944444444444444,0.6944444444444444,5.555555555555555,4.861111111111112,4.166666666666666,0.6944444444444444,11.805555555555555,6.25,5.555555555555555,0.0,0.0,3.4722222222222223,2.083333333333333,0.0,2.7777777777777777,10.416666666666668,2.7777777777777777
103,9.70873786407767,3.8834951456310676,2.912621359223301,5.825242718446602,3.8834951456310676,7.766990291262135,1.9417475728155338,1.9417475728155338,1.9417475728155338,5.825242718446602,8.737864077669903,7.766990291262135,0.0,1.9417475728155338,1.9417475728155338,2.912621359223301,0.0,0.9708737864077669,15.53398058252427,14.563106796116504
135,10.37037037037037,5.185185185185185,2.9629629629629632,5.185185185185185,2.2222222222222223,4.444444444444445,0.7407407407407408,6.666666666666667,2.9629629629629632,13.333333333333334,8.148148148148149,9.62962962962963,0.0,1.4814814814814816,1.4814814814814816,2.2222222222222223,0.7407407407407408,4.444444444444445,5.185185185185185,12.592592592592592
118,6.779661016949152,8.47457627118644,7.627118644067797,0.847457627118644,6.779661016949152,10.16949152542373,3.389830508474576,1.694915254237288,2.5423728813559325,5.084745762711865,8.47457627118644,5.932203389830509,1.694915254237288,2.5423728813559325,1.694915254237288,2.5423728813559325,7.627118644067797,5.932203389830509,1.694915254237288,8.47457627118644
130,11.538461538461538,6.923076923076923,1.5384615384615385,5.384615384615385,3.076923076923077,6.923076923076923,3.8461538461538463,1.5384615384615385,0.7692307692307693,14.615384615384617,3.076923076923077,10.76923076923077,0.0,1.5384615384615385,0.7692307692307693,3.8461538461538463,0.0,3.8461538461538463,13.076923076923078,6.923076923076923
