Length,L,P,V,F,A,E,S,G,I,D,W,Y,Q,N,T,H,C,R,M,K
191,5.2356020942408374,9.947643979057592,3.664921465968586,2.094240837696335,13.089005235602095,9.424083769633508,9.424083769633508,7.329842931937172,2.6178010471204187,3.1413612565445024,2.6178010471204187,0.5235602094240838,5.2356020942408374,2.094240837696335,5.2356020942408374,1.0471204188481675,2.094240837696335,12.56544502617801,1.0471204188481675,1.5706806282722512
128,10.15625,9.375,3.90625,2.34375,12.5,5.46875,8.59375,7.8125,1.5625,3.125,3.90625,3.125,0.78125,1.5625,3.125,7.8125,0.0,10.9375,3.125,0.78125
118,11.864406779661017,4.23728813559322,11.016949152542372,4.23728813559322,9.322033898305085,10.16949152542373,8.47457627118644,6.779661016949152,2.5423728813559325,3.389830508474576,1.694915254237288,2.5423728813559325,2.5423728813559325,1.694915254237288,4.23728813559322,0.0,4.23728813559322,5.932203389830509,0.847457627118644,4.23728813559322
75,13.333333333333334,5.333333333333334,10.666666666666668,5.333333333333334,8.0,4.0,6.666666666666667,9.333333333333334,4.0,0.0,0.0,2.666666666666667,5.333333333333334,2.666666666666667,2.666666666666667,1.3333333333333335,0.0,8.0,2.666666666666667,8.0
200,11.0,10.5,5.5,4.0,10.5,8.5,4.5,7.000000000000001,4.0,2.5,0.0,2.5,3.5000000000000004,0.5,6.0,2.5,1.0,11.5,2.5,2.0
105,7.6190476190476195,3.8095238095238098,13.333333333333334,5.714285714285714,7.6190476190476195,9.523809523809524,1.9047619047619049,6.666666666666667,4.761904761904762,6.666666666666667,0.9523809523809524,2.857142857142857,3.8095238095238098,0.9523809523809524,3.8095238095238098,0.9523809523809524,2.857142857142857,4.761904761904762,1.9047619047619049,9.523809523809524
177,6.214689265536723,4.519774011299435,7.909604519774012,5.084745762711865,7.909604519774012,10.16949152542373,2.2598870056497176,5.084745762711865,3.954802259887006,7.909604519774012,0.5649717514124294,2.824858757062147,6.779661016949152,5.084745762711865,3.389830508474576,1.1299435028248588,0.0,8.47457627118644,2.824858757062147,7.909604519774012
176,9.090909090909092,9.090909090909092,4.545454545454546,1.1363636363636365,8.522727272727272,8.522727272727272,10.227272727272728,5.113636363636364,1.7045454545454544,7.386363636363637,0.5681818181818182,1.7045454545454544,2.840909090909091,3.977272727272727,5.113636363636364,0.5681818181818182,0.0,10.227272727272728,2.272727272727273,7.386363636363637
137,6.569343065693431,7.2992700729927,7.2992700729927,0.7299270072992701,12.408759124087592,6.569343065693431,5.839416058394161,6.569343065693431,4.37956204379562,2.18978102189781,1.4598540145985401,0.7299270072992701,8.75912408759124,5.839416058394161,4.37956204379562,0.7299270072992701,0.0,8.02919708029197,1.4598540145985401,8.75912408759124
175,10.857142857142858,5.142857142857142,6.857142857142858,5.142857142857142,8.571428571428571,5.142857142857142,6.2857142857142865,3.428571428571429,6.857142857142858,4.0,0.5714285714285714,4.571428571428571,2.2857142857142856,1.1428571428571428,4.571428571428571,4.0,1.1428571428571428,14.285714285714285,2.857142857142857,2.2857142857142856
185,14.594594594594595,7.027027027027027,8.64864864864865,1.6216216216216217,6.486486486486487,3.783783783783784,8.64864864864865,5.405405405405405,3.2432432432432434,3.2432432432432434,2.7027027027027026,4.324324324324325,4.324324324324325,0.5405405405405406,3.783783783783784,2.1621621621621623,5.405405405405405,9.18918918918919,1.6216216216216217,3.2432432432432434
157,9.554140127388536,8.280254777070063,5.095541401273886,4.45859872611465,9.554140127388536,9.554140127388536,7.006369426751593,3.821656050955414,3.1847133757961785,3.821656050955414,2.547770700636943,2.547770700636943,5.095541401273886,2.547770700636943,3.821656050955414,0.0,0.6369426751592357,8.9171974522293,1.910828025477707,7.643312101910828
193,11.917098445595855,3.1088082901554404,7.253886010362693,3.6269430051813467,6.7357512953367875,6.217616580310881,5.181347150259067,6.7357512953367875,3.6269430051813467,6.7357512953367875,0.5181347150259068,3.1088082901554404,5.181347150259067,1.5544041450777202,3.1088082901554404,2.072538860103627,0.5181347150259068,13.989637305699482,1.0362694300518136,7.772020725388601
172,9.30232558139535,5.232558139534884,4.651162790697675,2.3255813953488373,6.976744186046512,10.465116279069768,6.976744186046512,4.651162790697675,2.9069767441860463,5.813953488372093,0.5813953488372093,2.9069767441860463,4.069767441860465,0.5813953488372093,6.395348837209303,1.744186046511628,1.1627906976744187,16.27906976744186,1.1627906976744187,5.813953488372093
117,11.11111111111111,5.128205128205128,8.547008547008547,5.982905982905983,6.837606837606838,6.837606837606838,3.418803418803419,5.982905982905983,4.273504273504273,4.273504273504273,1.7094017094017095,5.128205128205128,5.982905982905983,2.564102564102564,1.7094017094017095,0.8547008547008548,9.401709401709402,4.273504273504273,4.273504273504273,1.7094017094017095
165,15.151515151515152,5.454545454545454,7.878787878787878,3.0303030303030303,12.121212121212121,1.2121212121212122,7.2727272727272725,9.090909090909092,3.6363636363636362,2.4242424242424243,1.2121212121212122,3.6363636363636362,1.8181818181818181,0.0,8.484848484848486,3.0303030303030303,1.8181818181818181,9.696969696969697,1.8181818181818181,1.2121212121212122
148,15.54054054054054,8.108108108108109,8.108108108108109,1.3513513513513513,12.162162162162163,8.108108108108109,6.756756756756757,4.054054054054054,4.72972972972973,5.405405405405405,0.6756756756756757,1.3513513513513513,2.7027027027027026,2.7027027027027026,3.3783783783783785,3.3783783783783785,2.7027027027027026,5.405405405405405,1.3513513513513513,2.027027027027027
157,17.197452229299362,1.910828025477707,5.095541401273886,1.910828025477707,8.280254777070063,8.9171974522293,5.095541401273886,4.45859872611465,1.2738853503184715,2.547770700636943,2.547770700636943,2.547770700636943,7.643312101910828,1.910828025477707,7.643312101910828,1.2738853503184715,1.910828025477707,14.64968152866242,1.2738853503184715,1.910828025477707
81,9.876543209876543,3.7037037037037033,7.4074074074074066,3.7037037037037033,8.641975308641975,3.7037037037037033,6.172839506172839,1.2345679012345678,2.4691358024691357,3.7037037037037033,0.0,1.2345679012345678,4.938271604938271,2.4691358024691357,7.4074074074074066,0.0,2.4691358024691357,12.345679012345679,1.2345679012345678,17.28395061728395
96,10.416666666666668,2.083333333333333,11.458333333333332,4.166666666666666,7.291666666666667,9.375,3.125,11.458333333333332,6.25,5.208333333333334,2.083333333333333,1.0416666666666665,1.0416666666666665,1.0416666666666665,6.25,3.125,1.0416666666666665,7.291666666666667,2.083333333333333,4.166666666666666
57,5.263157894736842,5.263157894736842,14.035087719298245,3.508771929824561,7.017543859649122,1.7543859649122806,5.263157894736842,10.526315789473683,3.508771929824561,1.7543859649122806,0.0,7.017543859649122,0.0,3.508771929824561,3.508771929824561,1.7543859649122806,0.0,7.017543859649122,3.508771929824561,15.789473684210526
103,11.650485436893204,3.8834951456310676,4.854368932038835,1.9417475728155338,6.796116504854369,5.825242718446602,11.650485436893204,4.854368932038835,1.9417475728155338,2.912621359223301,2.912621359223301,0.0,4.854368932038835,2.912621359223301,4.854368932038835,3.8834951456310676,4.854368932038835,17.475728155339805,0.9708737864077669,0.9708737864077669
110,6.363636363636363,7.2727272727272725,3.6363636363636362,5.454545454545454,8.181818181818182,7.2727272727272725,4.545454545454546,11.818181818181818,3.6363636363636362,3.6363636363636362,0.9090909090909091,3.6363636363636362,2.727272727272727,3.6363636363636362,6.363636363636363,1.8181818181818181,1.8181818181818181,2.727272727272727,1.8181818181818181,12.727272727272727
199,11.055276381909549,9.547738693467336,7.537688442211055,4.522613065326634,11.557788944723619,7.537688442211055,4.0201005025125625,6.030150753768844,3.015075376884422,3.015075376884422,1.507537688442211,3.5175879396984926,3.5175879396984926,3.015075376884422,3.5175879396984926,2.512562814070352,0.5025125628140703,10.050251256281408,1.507537688442211,2.512562814070352
116,11.206896551724139,3.4482758620689653,6.0344827586206895,3.4482758620689653,6.896551724137931,7.758620689655173,4.310344827586207,5.172413793103448,5.172413793103448,2.586206896551724,0.8620689655172413,2.586206896551724,2.586206896551724,3.4482758620689653,7.758620689655173,3.4482758620689653,0.0,17.24137931034483,2.586206896551724,3.4482758620689653
112,4.464285714285714,8.035714285714286,5.357142857142857,2.6785714285714284,8.035714285714286,9.821428571428571,11.607142857142858,8.035714285714286,1.7857142857142856,3.571428571428571,0.8928571428571428,4.464285714285714,3.571428571428571,1.7857142857142856,3.571428571428571,3.571428571428571,3.571428571428571,7.142857142857142,3.571428571428571,4.464285714285714
180,13.333333333333334,4.444444444444445,5.555555555555555,2.2222222222222223,7.222222222222221,5.555555555555555,7.222222222222221,7.777777777777778,4.444444444444445,5.0,2.7777777777777777,1.1111111111111112,7.222222222222221,2.2222222222222223,8.333333333333332,0.0,1.1111111111111112,10.0,0.5555555555555556,3.888888888888889
190,12.105263157894736,2.631578947368421,7.368421052631578,6.842105263157896,6.842105263157896,7.894736842105263,7.368421052631578,6.842105263157896,5.7894736842105265,10.0,0.0,1.0526315789473684,3.684210526315789,4.736842105263158,2.631578947368421,0.0,1.5789473684210527,7.894736842105263,2.1052631578947367,2.631578947368421
172,9.30232558139535,5.232558139534884,4.069767441860465,6.395348837209303,6.976744186046512,5.232558139534884,5.813953488372093,5.232558139534884,5.813953488372093,4.069767441860465,1.1627906976744187,2.3255813953488373,5.232558139534884,4.069767441860465,5.232558139534884,1.744186046511628,3.488372093023256,12.790697674418606,2.9069767441860463,2.9069767441860463
198,6.565656565656567,5.05050505050505,9.595959595959595,3.0303030303030303,8.585858585858585,10.606060606060606,4.040404040404041,6.565656565656567,3.535353535353535,3.0303030303030303,1.0101010101010102,2.0202020202020203,2.0202020202020203,0.5050505050505051,6.0606060606060606,2.0202020202020203,2.0202020202020203,12.121212121212121,3.535353535353535,8.080808080808081
180,5.0,8.88888888888889,6.111111111111111,6.111111111111111,6.111111111111111,6.666666666666667,5.555555555555555,14.444444444444443,3.3333333333333335,3.888888888888889,1.1111111111111112,3.888888888888889,2.7777777777777777,2.2222222222222223,2.7777777777777777,1.6666666666666667,0.5555555555555556,13.333333333333334,1.6666666666666667,3.888888888888889
132,7.575757575757576,5.303030303030303,8.333333333333332,4.545454545454546,9.090909090909092,4.545454545454546,6.8181818181818175,4.545454545454546,3.787878787878788,3.0303030303030303,0.7575757575757576,1.5151515151515151,0.7575757575757576,3.787878787878788,2.272727272727273,4.545454545454546,1.5151515151515151,15.909090909090908,3.0303030303030303,8.333333333333332
80,11.25,5.0,2.5,5.0,7.5,2.5,6.25,8.75,6.25,7.5,2.5,2.5,2.5,5.0,1.25,0.0,3.75,16.25,2.5,1.25
168,4.166666666666666,7.738095238095238,5.952380952380952,2.380952380952381,11.30952380952381,13.690476190476192,12.5,5.952380952380952,1.1904761904761905,6.547619047619048,0.0,1.7857142857142856,3.571428571428571,2.380952380952381,2.380952380952381,1.1904761904761905,3.571428571428571,8.928571428571429,2.380952380952381,2.380952380952381
171,14.035087719298245,5.263157894736842,11.695906432748536,2.3391812865497075,12.280701754385964,2.3391812865497075,9.35672514619883,9.35672514619883,2.923976608187134,2.923976608187134,1.7543859649122806,0.0,6.432748538011696,0.0,4.093567251461988,2.3391812865497075,1.7543859649122806,8.187134502923977,1.7543859649122806,1.1695906432748537
123,8.94308943089431,6.504065040650407,4.0650406504065035,5.691056910569105,13.008130081300814,4.0650406504065035,9.75609756097561,6.504065040650407,4.878048780487805,1.6260162601626018,3.2520325203252036,4.878048780487805,3.2520325203252036,3.2520325203252036,4.878048780487805,2.4390243902439024,0.8130081300813009,4.878048780487805,3.2520325203252036,4.0650406504065035
198,12.626262626262626,4.040404040404041,5.555555555555555,1.0101010101010102,5.555555555555555,11.11111111111111,7.07070707070707,5.555555555555555,2.525252525252525,7.07070707070707,1.5151515151515151,2.0202020202020203,7.575757575757576,4.040404040404041,8.080808080808081,1.0101010101010102,1.0101010101010102,10.606060606060606,1.0101010101010102,1.0101010101010102
121,12.396694214876034,8.264462809917356,7.43801652892562,4.958677685950414,7.43801652892562,3.3057851239669422,8.264462809917356,6.6115702479338845,0.8264462809917356,0.0,0.8264462809917356,0.8264462809917356,4.132231404958678,4.132231404958678,4.132231404958678,3.3057851239669422,6.6115702479338845,9.090909090909092,2.479338842975207,4.958677685950414
172,10.465116279069768,4.069767441860465,14.534883720930234,2.3255813953488373,15.11627906976744,1.744186046511628,11.046511627906977,7.55813953488372,4.651162790697675,0.5813953488372093,0.0,3.488372093023256,0.5813953488372093,0.5813953488372093,5.813953488372093,1.1627906976744187,0.5813953488372093,7.55813953488372,2.3255813953488373,5.813953488372093
86,8.13953488372093,1.1627906976744187,4.651162790697675,4.651162790697675,11.627906976744185,4.651162790697675,9.30232558139535,9.30232558139535,5.813953488372093,2.3255813953488373,2.3255813953488373,3.488372093023256,8.13953488372093,1.1627906976744187,6.976744186046512,0.0,1.1627906976744187,8.13953488372093,1.1627906976744187,5.813953488372093
129,9.30232558139535,3.10077519379845,5.426356589147287,3.10077519379845,12.4031007751938,10.852713178294573,9.30232558139535,3.875968992248062,1.550387596899225,3.10077519379845,0.0,2.3255813953488373,7.751937984496124,2.3255813953488373,2.3255813953488373,1.550387596899225,6.2015503875969,8.527131782945736,2.3255813953488373,4.651162790697675
129,9.30232558139535,3.10077519379845,6.2015503875969,4.651162790697675,7.751937984496124,4.651162790697675,3.10077519379845,9.30232558139535,5.426356589147287,3.875968992248062,0.0,3.875968992248062,3.10077519379845,3.875968992248062,3.10077519379845,0.7751937984496124,1.550387596899225,16.27906976744186,2.3255813953488373,7.751937984496124
111,9.00900900900901,4.504504504504505,11.711711711711711,5.405405405405405,15.315315315315313,0.9009009009009009,6.306306306306306,10.81081081081081,5.405405405405405,3.6036036036036037,0.9009009009009009,2.7027027027027026,1.8018018018018018,1.8018018018018018,5.405405405405405,0.0,0.0,5.405405405405405,3.6036036036036037,5.405405405405405
200,9.5,4.0,11.5,2.0,4.5,8.0,4.5,5.5,6.5,5.5,0.5,4.0,3.5000000000000004,1.5,5.0,3.5000000000000004,0.0,12.5,1.5,6.5
99,10.1010101010101,9.090909090909092,4.040404040404041,1.0101010101010102,8.080808080808081,6.0606060606060606,9.090909090909092,4.040404040404041,5.05050505050505,3.0303030303030303,2.0202020202020203,7.07070707070707,7.07070707070707,3.0303030303030303,5.05050505050505,5.05050505050505,0.0,7.07070707070707,1.0101010101010102,3.0303030303030303
154,9.090909090909092,1.2987012987012987,7.142857142857142,3.896103896103896,5.194805194805195,3.896103896103896,1.2987012987012987,8.441558441558442,7.792207792207792,7.142857142857142,1.2987012987012987,1.948051948051948,4.545454545454546,4.545454545454546,5.844155844155844,1.948051948051948,0.6493506493506493,12.987012987012985,1.2987012987012987,9.740259740259742
158,9.49367088607595,11.39240506329114,8.227848101265822,3.79746835443038,10.126582278481013,6.962025316455696,3.79746835443038,3.1645569620253164,3.1645569620253164,5.063291139240507,2.5316455696202533,2.5316455696202533,7.59493670886076,2.5316455696202533,3.79746835443038,2.5316455696202533,0.6329113924050633,10.759493670886076,1.2658227848101267,0.6329113924050633
178,7.865168539325842,7.303370786516854,5.056179775280898,3.3707865168539324,7.865168539325842,5.056179775280898,7.865168539325842,5.617977528089887,5.617977528089887,6.179775280898876,1.6853932584269662,2.8089887640449436,2.247191011235955,5.056179775280898,8.98876404494382,1.6853932584269662,2.8089887640449436,7.303370786516854,1.6853932584269662,3.932584269662921
139,7.194244604316546,6.474820143884892,4.316546762589928,4.316546762589928,9.352517985611511,8.633093525179856,5.755395683453238,2.158273381294964,4.316546762589928,2.877697841726619,0.0,0.0,4.316546762589928,1.4388489208633095,6.474820143884892,1.4388489208633095,4.316546762589928,15.107913669064748,5.0359712230215825,6.474820143884892
189,10.582010582010582,4.761904761904762,6.878306878306878,2.6455026455026456,7.936507936507936,3.1746031746031744,4.761904761904762,7.936507936507936,4.761904761904762,4.761904761904762,0.5291005291005291,3.1746031746031744,3.7037037037037033,2.1164021164021163,3.7037037037037033,1.5873015873015872,1.5873015873015872,17.46031746031746,1.5873015873015872,6.349206349206349
187,13.903743315508022,5.88235294117647,10.16042780748663,2.6737967914438503,11.229946524064172,6.951871657754011,2.6737967914438503,6.417112299465241,1.6042780748663104,4.81283422459893,1.06951871657754,2.6737967914438503,6.951871657754011,1.06951871657754,3.7433155080213902,3.2085561497326207,2.6737967914438503,10.16042780748663,1.06951871657754,1.06951871657754
106,5.660377358490567,4.716981132075472,10.377358490566039,4.716981132075472,10.377358490566039,5.660377358490567,5.660377358490567,4.716981132075472,2.8301886792452833,1.8867924528301887,0.0,0.9433962264150944,6.60377358490566,2.8301886792452833,7.547169811320755,0.9433962264150944,1.8867924528301887,14.150943396226415,1.8867924528301887,6.60377358490566
161,4.968944099378882,3.1055900621118013,11.801242236024844,5.590062111801243,6.832298136645963,6.211180124223603,9.937888198757763,7.453416149068323,4.968944099378882,4.968944099378882,1.2422360248447204,0.6211180124223602,3.7267080745341614,3.1055900621118013,4.968944099378882,1.2422360248447204,3.1055900621118013,7.453416149068323,2.484472049689441,6.211180124223603
178,11.235955056179774,5.056179775280898,13.48314606741573,4.49438202247191,7.303370786516854,5.617977528089887,7.865168539325842,7.865168539325842,3.3707865168539324,3.3707865168539324,0.5617977528089888,1.6853932584269662,2.247191011235955,4.49438202247191,3.932584269662921,1.6853932584269662,1.6853932584269662,6.179775280898876,2.8089887640449436,5.056179775280898
180,17.77777777777778,3.888888888888889,7.222222222222221,3.888888888888889,9.444444444444445,13.88888888888889,6.111111111111111,2.7777777777777777,0.0,3.888888888888889,0.0,1.6666666666666667,5.555555555555555,1.1111111111111112,3.888888888888889,2.2222222222222223,1.1111111111111112,11.666666666666666,1.1111111111111112,2.7777777777777777
117,10.256410256410255,6.837606837606838,11.965811965811966,0.8547008547008548,8.547008547008547,8.547008547008547,5.982905982905983,4.273504273504273,1.7094017094017095,1.7094017094017095,3.418803418803419,2.564102564102564,4.273504273504273,4.273504273504273,1.7094017094017095,3.418803418803419,3.418803418803419,11.11111111111111,0.8547008547008548,4.273504273504273
119,6.722689075630252,5.88235294117647,7.563025210084033,5.042016806722689,16.80672268907563,1.680672268907563,6.722689075630252,6.722689075630252,4.201680672268908,1.680672268907563,3.361344537815126,2.5210084033613445,3.361344537815126,4.201680672268908,7.563025210084033,0.8403361344537815,0.8403361344537815,8.403361344537815,2.5210084033613445,3.361344537815126
183,6.557377049180328,4.918032786885246,4.371584699453552,2.73224043715847,13.661202185792352,8.19672131147541,9.836065573770492,3.278688524590164,1.092896174863388,4.918032786885246,0.546448087431694,4.918032786885246,6.0109289617486334,3.278688524590164,4.918032786885246,1.639344262295082,0.546448087431694,15.300546448087433,1.092896174863388,2.185792349726776
150,15.333333333333332,5.333333333333334,4.666666666666667,4.0,14.000000000000002,3.3333333333333335,8.0,8.666666666666668,3.3333333333333335,2.0,2.0,2.666666666666667,0.6666666666666667,2.0,6.0,2.666666666666667,0.6666666666666667,10.0,2.0,2.666666666666667
150,8.0,8.666666666666668,7.333333333333333,3.3333333333333335,11.333333333333332,4.0,15.333333333333332,6.666666666666667,0.6666666666666667,6.666666666666667,3.3333333333333335,2.0,2.0,0.6666666666666667,5.333333333333334,1.3333333333333335,0.6666666666666667,9.333333333333334,2.0,1.3333333333333335
145,12.413793103448276,4.827586206896552,6.896551724137931,1.3793103448275863,4.827586206896552,8.96551724137931,6.896551724137931,8.275862068965518,2.0689655172413794,6.896551724137931,2.7586206896551726,2.0689655172413794,5.517241379310345,2.7586206896551726,6.206896551724138,1.3793103448275863,0.6896551724137931,6.896551724137931,3.4482758620689653,4.827586206896552
101,12.871287128712872,2.9702970297029703,9.900990099009901,1.9801980198019802,9.900990099009901,6.9306930693069315,2.9702970297029703,3.9603960396039604,5.9405940594059405,3.9603960396039604,0.0,1.9801980198019802,5.9405940594059405,1.9801980198019802,9.900990099009901,2.9702970297029703,1.9801980198019802,7.920792079207921,1.9801980198019802,3.9603960396039604
79,3.79746835443038,6.329113924050633,5.063291139240507,1.2658227848101267,12.658227848101266,7.59493670886076,8.860759493670885,3.79746835443038,3.79746835443038,7.59493670886076,0.0,1.2658227848101267,1.2658227848101267,1.2658227848101267,5.063291139240507,2.5316455696202533,7.59493670886076,15.18987341772152,3.79746835443038,1.2658227848101267
84,7.142857142857142,2.380952380952381,8.333333333333332,2.380952380952381,5.952380952380952,9.523809523809524,7.142857142857142,2.380952380952381,3.571428571428571,5.952380952380952,0.0,1.1904761904761905,9.523809523809524,1.1904761904761905,7.142857142857142,0.0,4.761904761904762,9.523809523809524,4.761904761904762,7.142857142857142
93,3.225806451612903,2.1505376344086025,6.451612903225806,2.1505376344086025,11.827956989247312,3.225806451612903,11.827956989247312,8.60215053763441,2.1505376344086025,3.225806451612903,1.0752688172043012,2.1505376344086025,2.1505376344086025,3.225806451612903,9.67741935483871,7.526881720430108,1.0752688172043012,10.75268817204301,3.225806451612903,4.301075268817205
107,4.672897196261682,3.7383177570093453,6.5420560747663545,4.672897196261682,5.607476635514018,4.672897196261682,15.887850467289718,9.345794392523365,0.9345794392523363,3.7383177570093453,0.9345794392523363,0.9345794392523363,2.803738317757009,3.7383177570093453,6.5420560747663545,1.8691588785046727,4.672897196261682,8.411214953271028,2.803738317757009,7.476635514018691
140,7.857142857142857,10.714285714285714,6.428571428571428,1.4285714285714286,11.428571428571429,5.714285714285714,4.285714285714286,3.571428571428571,4.285714285714286,5.0,1.4285714285714286,3.571428571428571,5.0,5.0,10.714285714285714,0.7142857142857143,0.7142857142857143,9.285714285714286,0.7142857142857143,2.142857142857143
174,12.643678160919542,3.4482758620689653,12.068965517241379,1.7241379310344827,4.022988505747127,7.471264367816093,4.597701149425287,2.8735632183908044,4.022988505747127,5.172413793103448,1.1494252873563218,5.172413793103448,0.5747126436781609,5.747126436781609,3.4482758620689653,4.597701149425287,1.1494252873563218,12.068965517241379,1.1494252873563218,6.896551724137931
152,13.815789473684212,9.210526315789473,6.578947368421052,8.552631578947368,11.18421052631579,1.9736842105263157,5.921052631578947,5.263157894736842,5.263157894736842,2.631578947368421,0.6578947368421052,1.3157894736842104,5.921052631578947,1.3157894736842104,5.263157894736842,1.3157894736842104,2.631578947368421,7.894736842105263,1.3157894736842104,1.9736842105263157
189,4.761904761904762,6.349206349206349,6.878306878306878,6.349206349206349,11.11111111111111,3.7037037037037033,5.82010582010582,11.11111111111111,2.1164021164021163,3.7037037037037033,2.1164021164021163,1.5873015873015872,5.291005291005291,2.1164021164021163,4.232804232804233,1.5873015873015872,5.82010582010582,10.052910052910052,0.5291005291005291,4.761904761904762
104,3.8461538461538463,3.8461538461538463,8.653846153846153,3.8461538461538463,3.8461538461538463,1.9230769230769231,3.8461538461538463,7.6923076923076925,2.8846153846153846,2.8846153846153846,0.0,3.8461538461538463,7.6923076923076925,0.0,5.769230769230769,2.8846153846153846,5.769230769230769,8.653846153846153,1.9230769230769231,20.192307692307693
128,10.9375,4.6875,3.125,1.5625,5.46875,6.25,5.46875,5.46875,7.8125,3.90625,0.0,2.34375,5.46875,3.90625,5.46875,2.34375,3.90625,9.375,1.5625,10.9375
132,14.393939393939394,3.787878787878788,10.606060606060606,2.272727272727273,9.090909090909092,11.363636363636363,6.0606060606060606,4.545454545454546,2.272727272727273,4.545454545454546,0.0,1.5151515151515151,3.787878787878788,0.7575757575757576,8.333333333333332,1.5151515151515151,1.5151515151515151,11.363636363636363,0.7575757575757576,1.5151515151515151
140,12.857142857142856,4.285714285714286,7.857142857142857,2.142857142857143,14.285714285714285,5.714285714285714,8.571428571428571,3.571428571428571,0.0,7.142857142857142,1.4285714285714286,0.7142857142857143,5.714285714285714,2.142857142857143,2.857142857142857,1.4285714285714286,2.142857142857143,10.0,4.285714285714286,2.857142857142857
132,13.636363636363635,3.787878787878788,5.303030303030303,2.272727272727273,7.575757575757576,6.8181818181818175,5.303030303030303,4.545454545454546,2.272727272727273,2.272727272727273,0.0,0.7575757575757576,9.090909090909092,1.5151515151515151,3.787878787878788,0.7575757575757576,0.0,13.636363636363635,3.787878787878788,12.878787878787879
149,5.369127516778524,2.684563758389262,8.724832214765101,2.684563758389262,7.38255033557047,3.3557046979865772,10.06711409395973,6.7114093959731544,4.026845637583892,2.013422818791946,1.342281879194631,2.684563758389262,4.697986577181208,3.3557046979865772,6.7114093959731544,4.026845637583892,4.697986577181208,13.422818791946309,2.013422818791946,4.026845637583892
128,21.09375,4.6875,9.375,6.25,7.8125,3.125,3.90625,5.46875,1.5625,2.34375,4.6875,3.125,2.34375,1.5625,8.59375,1.5625,2.34375,7.8125,0.78125,1.5625
139,7.913669064748201,5.755395683453238,9.352517985611511,5.0359712230215825,7.194244604316546,6.474820143884892,7.194244604316546,8.633093525179856,3.597122302158273,4.316546762589928,1.4388489208633095,2.158273381294964,2.877697841726619,2.158273381294964,5.0359712230215825,2.877697841726619,1.4388489208633095,11.510791366906476,2.158273381294964,2.877697841726619
125,11.200000000000001,4.0,10.4,4.8,8.0,6.4,6.4,8.799999999999999,4.8,4.8,0.0,2.4,2.4,4.0,5.6000000000000005,0.0,0.8,11.200000000000001,0.8,3.2
90,7.777777777777778,5.555555555555555,6.666666666666667,2.2222222222222223,6.666666666666667,10.0,4.444444444444445,3.3333333333333335,2.2222222222222223,5.555555555555555,2.2222222222222223,3.3333333333333335,4.444444444444445,2.2222222222222223,3.3333333333333335,6.666666666666667,5.555555555555555,11.11111111111111,2.2222222222222223,4.444444444444445
160,7.5,7.5,11.25,5.0,9.375,8.125,4.375,6.875000000000001,3.75,5.625,0.625,3.75,3.125,1.25,3.75,5.0,0.0,10.0,1.25,1.875
200,8.5,2.0,12.5,3.5000000000000004,7.5,5.5,4.0,6.5,5.0,5.0,0.5,2.5,1.5,4.5,6.5,2.0,2.0,9.0,2.5,9.0
183,14.754098360655737,5.46448087431694,12.568306010928962,1.639344262295082,9.836065573770492,6.557377049180328,6.557377049180328,6.0109289617486334,3.825136612021858,1.639344262295082,2.73224043715847,2.185792349726776,5.46448087431694,1.639344262295082,5.46448087431694,0.546448087431694,0.546448087431694,9.289617486338798,0.546448087431694,2.73224043715847
146,8.21917808219178,4.794520547945205,4.794520547945205,2.73972602739726,10.273972602739725,6.164383561643835,4.10958904109589,8.21917808219178,3.4246575342465753,4.10958904109589,0.684931506849315,4.794520547945205,5.47945205479452,4.10958904109589,6.164383561643835,3.4246575342465753,4.794520547945205,7.534246575342466,2.054794520547945,4.10958904109589
181,8.287292817679557,6.077348066298343,11.049723756906078,2.209944751381215,12.70718232044199,6.077348066298343,4.972375690607735,10.497237569060774,6.077348066298343,3.867403314917127,1.1049723756906076,1.6574585635359116,2.7624309392265194,4.972375690607735,4.41988950276243,2.209944751381215,2.209944751381215,6.629834254143646,0.5524861878453038,1.6574585635359116
174,12.068965517241379,5.172413793103448,13.218390804597702,5.172413793103448,7.471264367816093,5.747126436781609,5.172413793103448,9.195402298850574,4.022988505747127,4.597701149425287,0.0,2.8735632183908044,1.1494252873563218,1.1494252873563218,6.321839080459771,3.4482758620689653,0.5747126436781609,8.620689655172415,2.2988505747126435,1.7241379310344827
160,11.875,3.125,10.0,6.25,14.374999999999998,3.75,6.25,6.25,4.375,2.5,2.5,3.125,2.5,1.25,6.25,1.875,5.0,3.125,1.875,3.75
118,11.016949152542372,5.084745762711865,9.322033898305085,0.847457627118644,7.627118644067797,15.254237288135593,6.779661016949152,3.389830508474576,3.389830508474576,4.23728813559322,0.847457627118644,0.847457627118644,7.627118644067797,0.0,4.23728813559322,3.389830508474576,0.847457627118644,11.016949152542372,2.5423728813559325,1.694915254237288
95,4.2105263157894735,0.0,8.421052631578947,3.1578947368421053,24.210526315789473,7.368421052631578,9.473684210526317,4.2105263157894735,2.1052631578947367,2.1052631578947367,2.1052631578947367,4.2105263157894735,4.2105263157894735,5.263157894736842,3.1578947368421053,1.0526315789473684,0.0,7.368421052631578,3.1578947368421053,4.2105263157894735
160,8.75,3.75,6.875000000000001,3.125,4.375,7.5,6.25,14.374999999999998,3.125,3.125,1.25,3.125,4.375,1.25,3.125,1.25,6.25,11.875,1.875,4.375
85,3.5294117647058822,12.941176470588237,7.0588235294117645,2.3529411764705883,9.411764705882353,5.88235294117647,5.88235294117647,7.0588235294117645,4.705882352941177,2.3529411764705883,7.0588235294117645,3.5294117647058822,2.3529411764705883,2.3529411764705883,5.88235294117647,2.3529411764705883,0.0,11.76470588235294,2.3529411764705883,1.1764705882352942
119,17.647058823529413,6.722689075630252,5.042016806722689,2.5210084033613445,11.76470588235294,3.361344537815126,5.042016806722689,5.88235294117647,0.0,3.361344537815126,0.8403361344537815,2.5210084033613445,4.201680672268908,5.88235294117647,7.563025210084033,4.201680672268908,2.5210084033613445,7.563025210084033,2.5210084033613445,0.8403361344537815
82,13.414634146341465,3.6585365853658534,4.878048780487805,0.0,14.634146341463413,10.975609756097562,12.195121951219512,3.6585365853658534,2.4390243902439024,6.097560975609756,1.2195121951219512,1.2195121951219512,6.097560975609756,1.2195121951219512,4.878048780487805,1.2195121951219512,1.2195121951219512,4.878048780487805,2.4390243902439024,3.6585365853658534
160,5.625,5.625,11.875,3.75,6.25,5.0,7.5,8.75,3.125,4.375,1.25,1.875,4.375,3.75,4.375,1.25,1.25,11.25,2.5,6.25
160,15.625,2.5,6.25,1.875,6.875000000000001,13.750000000000002,7.5,4.375,3.75,4.375,1.25,1.25,4.375,3.75,5.625,0.625,3.125,9.375,1.25,2.5
175,8.0,8.571428571428571,9.142857142857142,4.0,4.571428571428571,4.571428571428571,9.714285714285714,5.714285714285714,2.857142857142857,4.571428571428571,0.5714285714285714,5.142857142857142,2.2857142857142856,5.714285714285714,3.428571428571429,2.857142857142857,0.5714285714285714,12.571428571428573,1.1428571428571428,4.0
178,12.921348314606742,6.179775280898876,9.550561797752808,3.932584269662921,6.179775280898876,5.056179775280898,5.056179775280898,9.550561797752808,2.247191011235955,2.8089887640449436,1.1235955056179776,1.6853932584269662,3.932584269662921,3.932584269662921,5.617977528089887,0.5617977528089888,1.1235955056179776,11.797752808988763,1.1235955056179776,5.617977528089887
180,13.333333333333334,2.7777777777777777,8.88888888888889,4.444444444444445,9.444444444444445,10.0,5.0,5.555555555555555,2.7777777777777777,5.0,0.5555555555555556,2.2222222222222223,6.111111111111111,2.2222222222222223,3.888888888888889,2.7777777777777777,2.7777777777777777,6.111111111111111,2.2222222222222223,3.888888888888889
151,5.960264900662252,4.635761589403973,5.298013245033113,3.9735099337748347,11.258278145695364,2.6490066225165565,1.9867549668874174,13.245033112582782,3.9735099337748347,2.6490066225165565,0.6622516556291391,3.9735099337748347,0.6622516556291391,3.3112582781456954,4.635761589403973,5.298013245033113,1.3245033112582782,7.9470198675496695,2.6490066225165565,13.90728476821192
186,13.978494623655912,1.6129032258064515,5.376344086021505,1.0752688172043012,15.053763440860216,11.827956989247312,5.913978494623656,3.225806451612903,2.1505376344086025,5.376344086021505,1.0752688172043012,1.0752688172043012,6.451612903225806,1.6129032258064515,3.225806451612903,2.6881720430107525,3.763440860215054,9.13978494623656,1.0752688172043012,4.301075268817205
147,8.843537414965986,10.884353741496598,4.081632653061225,3.4013605442176873,6.802721088435375,4.081632653061225,6.122448979591836,4.761904761904762,7.482993197278912,7.482993197278912,2.0408163265306123,4.761904761904762,2.0408163265306123,4.761904761904762,5.442176870748299,2.7210884353741496,2.0408163265306123,4.081632653061225,1.3605442176870748,6.802721088435375
106,10.377358490566039,5.660377358490567,4.716981132075472,2.8301886792452833,11.320754716981133,5.660377358490567,8.49056603773585,8.49056603773585,0.9433962264150944,1.8867924528301887,0.0,1.8867924528301887,5.660377358490567,2.8301886792452833,4.716981132075472,1.8867924528301887,0.9433962264150944,13.20754716981132,2.8301886792452833,5.660377358490567
111,10.81081081081081,5.405405405405405,5.405405405405405,1.8018018018018018,16.216216216216218,9.00900900900901,9.00900900900901,6.306306306306306,0.9009009009009009,7.207207207207207,0.0,2.7027027027027026,1.8018018018018018,0.0,6.306306306306306,2.7027027027027026,0.9009009009009009,10.81081081081081,0.9009009009009009,1.8018018018018018
87,11.494252873563218,4.597701149425287,14.942528735632186,1.1494252873563218,12.643678160919542,10.344827586206897,4.597701149425287,3.4482758620689653,2.2988505747126435,4.597701149425287,1.1494252873563218,3.4482758620689653,3.4482758620689653,3.4482758620689653,2.2988505747126435,1.1494252873563218,2.2988505747126435,8.045977011494253,1.1494252873563218,3.4482758620689653
140,8.571428571428571,5.0,3.571428571428571,3.571428571428571,11.428571428571429,5.0,13.571428571428571,5.714285714285714,0.7142857142857143,3.571428571428571,0.0,3.571428571428571,5.714285714285714,3.571428571428571,2.857142857142857,1.4285714285714286,0.0,12.857142857142856,2.857142857142857,6.428571428571428
100,11.0,4.0,7.000000000000001,4.0,3.0,13.0,6.0,4.0,3.0,3.0,2.0,9.0,3.0,4.0,5.0,2.0,6.0,7.000000000000001,2.0,2.0
69,10.144927536231885,2.898550724637681,13.043478260869565,2.898550724637681,5.797101449275362,7.246376811594203,1.4492753623188406,13.043478260869565,1.4492753623188406,1.4492753623188406,0.0,2.898550724637681,2.898550724637681,5.797101449275362,5.797101449275362,1.4492753623188406,0.0,7.246376811594203,5.797101449275362,8.695652173913043
122,11.475409836065573,2.459016393442623,7.377049180327869,4.098360655737705,6.557377049180328,8.19672131147541,4.098360655737705,5.737704918032787,1.639344262295082,9.836065573770492,0.819672131147541,3.278688524590164,4.098360655737705,4.098360655737705,4.918032786885246,0.0,0.819672131147541,13.934426229508196,2.459016393442623,4.098360655737705
137,5.839416058394161,5.839416058394161,5.109489051094891,0.7299270072992701,11.678832116788321,16.78832116788321,8.02919708029197,11.678832116788321,1.4598540145985401,5.109489051094891,0.0,1.4598540145985401,5.109489051094891,0.7299270072992701,2.18978102189781,5.109489051094891,0.0,7.2992700729927,0.7299270072992701,5.109489051094891
99,7.07070707070707,3.0303030303030303,5.05050505050505,4.040404040404041,3.0303030303030303,6.0606060606060606,7.07070707070707,9.090909090909092,4.040404040404041,12.121212121212121,1.0101010101010102,2.0202020202020203,4.040404040404041,4.040404040404041,5.05050505050505,2.0202020202020203,1.0101010101010102,7.07070707070707,5.05050505050505,8.080808080808081
199,9.045226130653267,4.0201005025125625,9.547738693467336,5.527638190954774,6.532663316582915,6.030150753768844,6.532663316582915,7.537688442211055,7.035175879396985,8.040201005025125,1.0050251256281406,3.015075376884422,1.507537688442211,1.0050251256281406,4.522613065326634,4.0201005025125625,1.507537688442211,9.045226130653267,1.0050251256281406,3.5175879396984926
188,14.361702127659576,5.319148936170213,6.914893617021277,4.787234042553192,13.829787234042554,3.723404255319149,4.787234042553192,5.851063829787234,5.319148936170213,2.6595744680851063,3.723404255319149,4.25531914893617,3.1914893617021276,3.1914893617021276,4.25531914893617,2.127659574468085,2.127659574468085,5.319148936170213,1.0638297872340425,3.1914893617021276
88,12.5,3.4090909090909087,3.4090909090909087,6.8181818181818175,6.8181818181818175,2.272727272727273,12.5,7.954545454545454,3.4090909090909087,0.0,3.4090909090909087,2.272727272727273,2.272727272727273,3.4090909090909087,7.954545454545454,2.272727272727273,0.0,10.227272727272728,2.272727272727273,6.8181818181818175
140,6.428571428571428,7.142857142857142,7.142857142857142,1.4285714285714286,7.857142857142857,10.0,5.714285714285714,7.142857142857142,2.142857142857143,3.571428571428571,0.7142857142857143,4.285714285714286,6.428571428571428,0.7142857142857143,7.857142857142857,0.7142857142857143,7.857142857142857,7.857142857142857,2.142857142857143,2.857142857142857
164,9.146341463414634,1.2195121951219512,3.6585365853658534,6.097560975609756,8.536585365853659,12.195121951219512,9.146341463414634,7.317073170731707,3.048780487804878,10.975609756097562,0.6097560975609756,0.6097560975609756,4.2682926829268295,1.8292682926829267,6.707317073170732,0.6097560975609756,0.0,7.317073170731707,3.6585365853658534,3.048780487804878
111,9.90990990990991,3.6036036036036037,3.6036036036036037,5.405405405405405,9.90990990990991,7.207207207207207,9.00900900900901,0.9009009009009009,1.8018018018018018,6.306306306306306,2.7027027027027026,4.504504504504505,3.6036036036036037,3.6036036036036037,5.405405405405405,3.6036036036036037,0.9009009009009009,10.81081081081081,1.8018018018018018,5.405405405405405
72,5.555555555555555,1.3888888888888888,2.7777777777777777,2.7777777777777777,12.5,2.7777777777777777,6.944444444444445,4.166666666666666,1.3888888888888888,0.0,0.0,2.7777777777777777,6.944444444444445,6.944444444444445,4.166666666666666,5.555555555555555,0.0,16.666666666666664,4.166666666666666,12.5
151,9.271523178807946,5.960264900662252,6.622516556291391,1.3245033112582782,8.609271523178808,3.9735099337748347,7.28476821192053,5.960264900662252,6.622516556291391,3.3112582781456954,1.3245033112582782,3.3112582781456954,3.3112582781456954,1.9867549668874174,4.635761589403973,3.3112582781456954,1.3245033112582782,11.920529801324504,1.9867549668874174,7.9470198675496695
158,16.455696202531644,2.5316455696202533,9.49367088607595,9.49367088607595,5.69620253164557,4.430379746835443,6.329113924050633,5.063291139240507,6.329113924050633,2.5316455696202533,1.89873417721519,4.430379746835443,3.1645569620253164,4.430379746835443,5.063291139240507,2.5316455696202533,1.89873417721519,3.1645569620253164,1.89873417721519,3.1645569620253164
132,8.333333333333332,5.303030303030303,9.090909090909092,6.0606060606060606,12.121212121212121,6.0606060606060606,9.090909090909092,8.333333333333332,3.0303030303030303,5.303030303030303,0.0,2.272727272727273,3.0303030303030303,4.545454545454546,5.303030303030303,0.0,0.0,9.090909090909092,0.7575757575757576,2.272727272727273
191,7.853403141361256,5.7591623036649215,8.900523560209423,2.6178010471204187,2.6178010471204187,5.7591623036649215,7.329842931937172,9.424083769633508,3.664921465968586,2.094240837696335,1.5706806282722512,2.094240837696335,5.2356020942408374,5.2356020942408374,8.900523560209423,1.5706806282722512,3.664921465968586,8.900523560209423,1.0471204188481675,5.7591623036649215
