Length,D,H,S,N,E,W,P,F,L,Q,R,I,T,V,A,Y,G,C,M,K
72,5.555555555555555,0.0,5.555555555555555,2.7777777777777777,2.7777777777777777,2.7777777777777777,9.722222222222223,2.7777777777777777,5.555555555555555,2.7777777777777777,1.3888888888888888,8.333333333333332,4.166666666666666,11.11111111111111,2.7777777777777777,2.7777777777777777,6.944444444444445,4.166666666666666,2.7777777777777777,15.277777777777779
89,5.617977528089887,3.3707865168539324,5.617977528089887,2.247191011235955,6.741573033707865,1.1235955056179776,1.1235955056179776,5.617977528089887,4.49438202247191,4.49438202247191,3.3707865168539324,6.741573033707865,5.617977528089887,7.865168539325842,6.741573033707865,6.741573033707865,4.49438202247191,3.3707865168539324,3.3707865168539324,11.235955056179774
127,3.149606299212598,9.448818897637794,7.874015748031496,0.0,6.299212598425196,1.574803149606299,7.086614173228346,1.574803149606299,13.385826771653544,2.3622047244094486,8.661417322834646,2.3622047244094486,1.574803149606299,8.661417322834646,10.236220472440944,2.3622047244094486,4.724409448818897,6.299212598425196,0.7874015748031495,1.574803149606299
96,6.25,3.125,3.125,3.125,9.375,0.0,3.125,5.208333333333334,3.125,4.166666666666666,1.0416666666666665,6.25,6.25,6.25,8.333333333333332,6.25,8.333333333333332,1.0416666666666665,2.083333333333333,13.541666666666666
78,1.282051282051282,0.0,6.41025641025641,1.282051282051282,5.128205128205128,1.282051282051282,5.128205128205128,5.128205128205128,8.974358974358974,5.128205128205128,6.41025641025641,5.128205128205128,7.6923076923076925,7.6923076923076925,2.564102564102564,6.41025641025641,5.128205128205128,7.6923076923076925,2.564102564102564,8.974358974358974
163,9.202453987730062,3.6809815950920246,6.748466257668712,1.8404907975460123,9.202453987730062,2.4539877300613497,9.202453987730062,3.067484662576687,9.815950920245399,6.748466257668712,4.9079754601226995,1.2269938650306749,3.067484662576687,3.067484662576687,3.067484662576687,2.4539877300613497,6.134969325153374,7.361963190184049,1.8404907975460123,4.9079754601226995
165,7.878787878787878,1.8181818181818181,7.2727272727272725,4.848484848484849,11.515151515151516,1.8181818181818181,3.0303030303030303,3.6363636363636362,5.454545454545454,5.454545454545454,6.0606060606060606,4.848484848484849,4.848484848484849,8.484848484848486,1.2121212121212122,4.848484848484849,4.242424242424243,1.8181818181818181,4.242424242424243,6.666666666666667
151,1.9867549668874174,1.3245033112582782,8.609271523178808,4.635761589403973,1.9867549668874174,0.6622516556291391,2.6490066225165565,5.298013245033113,16.55629139072848,2.6490066225165565,3.9735099337748347,1.3245033112582782,8.609271523178808,11.258278145695364,7.28476821192053,1.3245033112582782,11.920529801324504,1.9867549668874174,3.3112582781456954,2.6490066225165565
106,4.716981132075472,0.0,13.20754716981132,6.60377358490566,1.8867924528301887,2.8301886792452833,11.320754716981133,3.7735849056603774,8.49056603773585,2.8301886792452833,3.7735849056603774,2.8301886792452833,3.7735849056603774,4.716981132075472,4.716981132075472,3.7735849056603774,1.8867924528301887,3.7735849056603774,10.377358490566039,4.716981132075472
64,9.375,7.8125,6.25,6.25,9.375,3.125,0.0,1.5625,7.8125,4.6875,6.25,3.125,6.25,6.25,4.6875,6.25,3.125,1.5625,3.125,3.125
85,3.5294117647058822,3.5294117647058822,5.88235294117647,4.705882352941177,3.5294117647058822,0.0,5.88235294117647,2.3529411764705883,9.411764705882353,1.1764705882352942,1.1764705882352942,8.235294117647058,5.88235294117647,9.411764705882353,4.705882352941177,5.88235294117647,7.0588235294117645,9.411764705882353,1.1764705882352942,7.0588235294117645
184,2.1739130434782608,3.260869565217391,5.434782608695652,4.3478260869565215,7.065217391304348,1.6304347826086956,4.891304347826087,1.6304347826086956,7.065217391304348,5.434782608695652,8.152173913043478,4.891304347826087,4.3478260869565215,5.434782608695652,6.521739130434782,2.717391304347826,4.891304347826087,2.1739130434782608,3.804347826086957,14.130434782608695
179,2.2346368715083798,1.1173184357541899,10.614525139664805,4.4692737430167595,1.675977653631285,0.5586592178770949,3.910614525139665,1.1173184357541899,5.027932960893855,1.675977653631285,1.1173184357541899,2.793296089385475,14.52513966480447,3.910614525139665,18.435754189944134,0.5586592178770949,8.938547486033519,3.910614525139665,3.35195530726257,10.05586592178771
102,5.88235294117647,3.9215686274509802,6.862745098039216,2.941176470588235,4.901960784313726,0.9803921568627451,6.862745098039216,1.9607843137254901,10.784313725490197,5.88235294117647,3.9215686274509802,1.9607843137254901,3.9215686274509802,13.725490196078432,4.901960784313726,4.901960784313726,4.901960784313726,0.0,4.901960784313726,5.88235294117647
96,4.166666666666666,2.083333333333333,10.416666666666668,2.083333333333333,4.166666666666666,1.0416666666666665,4.166666666666666,4.166666666666666,10.416666666666668,3.125,8.333333333333332,2.083333333333333,1.0416666666666665,11.458333333333332,7.291666666666667,5.208333333333334,7.291666666666667,1.0416666666666665,4.166666666666666,6.25
140,3.571428571428571,2.857142857142857,10.714285714285714,5.0,6.428571428571428,0.7142857142857143,7.857142857142857,4.285714285714286,7.142857142857142,1.4285714285714286,5.714285714285714,7.142857142857142,3.571428571428571,4.285714285714286,2.142857142857143,2.142857142857143,6.428571428571428,8.571428571428571,0.7142857142857143,9.285714285714286
144,4.166666666666666,1.3888888888888888,6.944444444444445,9.027777777777777,7.638888888888889,0.6944444444444444,2.083333333333333,2.083333333333333,14.583333333333334,4.861111111111112,3.4722222222222223,6.944444444444445,8.333333333333332,8.333333333333332,3.4722222222222223,3.4722222222222223,2.7777777777777777,2.7777777777777777,2.083333333333333,4.861111111111112
179,10.05586592178771,2.2346368715083798,6.145251396648044,4.4692737430167595,9.497206703910614,0.5586592178770949,1.1173184357541899,7.82122905027933,10.05586592178771,6.145251396648044,4.4692737430167595,5.58659217877095,2.2346368715083798,7.82122905027933,1.675977653631285,1.1173184357541899,7.82122905027933,0.5586592178770949,3.35195530726257,7.262569832402235
133,0.7518796992481203,2.2556390977443606,16.541353383458645,4.511278195488721,0.0,0.0,13.533834586466165,5.263157894736842,10.526315789473683,5.263157894736842,7.518796992481203,2.2556390977443606,6.7669172932330826,5.263157894736842,6.015037593984962,3.007518796992481,0.7518796992481203,2.2556390977443606,4.511278195488721,3.007518796992481
83,3.614457831325301,0.0,2.4096385542168677,3.614457831325301,6.024096385542169,2.4096385542168677,7.228915662650602,4.819277108433735,8.433734939759036,7.228915662650602,6.024096385542169,7.228915662650602,7.228915662650602,8.433734939759036,8.433734939759036,1.2048192771084338,2.4096385542168677,0.0,3.614457831325301,9.63855421686747
139,2.877697841726619,0.7194244604316548,5.0359712230215825,2.158273381294964,2.158273381294964,3.597122302158273,5.755395683453238,6.474820143884892,11.510791366906476,1.4388489208633095,5.0359712230215825,6.474820143884892,5.0359712230215825,5.0359712230215825,5.0359712230215825,4.316546762589928,13.66906474820144,6.474820143884892,5.0359712230215825,2.158273381294964
117,5.128205128205128,0.8547008547008548,12.82051282051282,3.418803418803419,0.0,0.8547008547008548,9.401709401709402,1.7094017094017095,9.401709401709402,5.982905982905983,14.529914529914532,1.7094017094017095,2.564102564102564,7.6923076923076925,11.11111111111111,0.8547008547008548,7.6923076923076925,0.0,3.418803418803419,0.8547008547008548
145,4.137931034482759,0.0,11.724137931034482,1.3793103448275863,12.413793103448276,0.6896551724137931,10.344827586206897,0.0,5.517241379310345,4.137931034482759,12.413793103448276,2.0689655172413794,4.827586206896552,1.3793103448275863,10.344827586206897,2.0689655172413794,11.03448275862069,1.3793103448275863,1.3793103448275863,2.7586206896551726
151,6.622516556291391,1.3245033112582782,9.933774834437086,3.9735099337748347,9.271523178807946,0.0,6.622516556291391,2.6490066225165565,10.596026490066226,4.635761589403973,7.9470198675496695,1.3245033112582782,1.9867549668874174,7.28476821192053,5.298013245033113,1.3245033112582782,2.6490066225165565,7.28476821192053,2.6490066225165565,6.622516556291391
119,3.361344537815126,5.88235294117647,7.563025210084033,4.201680672268908,6.722689075630252,1.680672268907563,1.680672268907563,3.361344537815126,7.563025210084033,3.361344537815126,4.201680672268908,5.042016806722689,5.042016806722689,5.042016806722689,7.563025210084033,5.88235294117647,6.722689075630252,5.042016806722689,2.5210084033613445,7.563025210084033
127,3.937007874015748,5.511811023622047,8.661417322834646,2.3622047244094486,5.511811023622047,1.574803149606299,5.511811023622047,3.937007874015748,7.874015748031496,3.149606299212598,4.724409448818897,3.149606299212598,5.511811023622047,4.724409448818897,6.299212598425196,4.724409448818897,7.086614173228346,6.299212598425196,2.3622047244094486,7.086614173228346
144,5.555555555555555,2.083333333333333,4.861111111111112,2.083333333333333,12.5,1.3888888888888888,5.555555555555555,4.166666666666666,10.416666666666668,4.861111111111112,14.583333333333334,3.4722222222222223,4.861111111111112,3.4722222222222223,6.25,2.7777777777777777,2.083333333333333,0.0,2.083333333333333,6.944444444444445
117,0.8547008547008548,0.8547008547008548,6.837606837606838,2.564102564102564,1.7094017094017095,0.0,3.418803418803419,0.8547008547008548,7.6923076923076925,5.128205128205128,13.675213675213676,3.418803418803419,5.128205128205128,10.256410256410255,8.547008547008547,4.273504273504273,5.982905982905983,3.418803418803419,2.564102564102564,12.82051282051282
196,6.63265306122449,2.5510204081632653,7.653061224489796,4.591836734693878,5.612244897959184,2.0408163265306123,2.5510204081632653,3.061224489795918,10.204081632653061,3.571428571428571,6.63265306122449,3.571428571428571,2.5510204081632653,7.653061224489796,6.122448979591836,2.5510204081632653,7.142857142857142,3.571428571428571,2.0408163265306123,9.693877551020408
188,4.25531914893617,3.1914893617021276,6.914893617021277,3.1914893617021276,4.25531914893617,1.5957446808510638,5.851063829787234,4.25531914893617,12.23404255319149,5.851063829787234,6.382978723404255,5.319148936170213,3.1914893617021276,6.382978723404255,10.106382978723403,2.6595744680851063,7.9787234042553195,3.1914893617021276,1.0638297872340425,2.127659574468085
94,1.0638297872340425,1.0638297872340425,9.574468085106384,0.0,4.25531914893617,0.0,6.382978723404255,1.0638297872340425,6.382978723404255,7.446808510638298,8.51063829787234,4.25531914893617,2.127659574468085,6.382978723404255,12.76595744680851,0.0,7.446808510638298,0.0,2.127659574468085,19.148936170212767
116,2.586206896551724,0.8620689655172413,4.310344827586207,2.586206896551724,6.896551724137931,0.8620689655172413,8.620689655172415,2.586206896551724,7.758620689655173,11.206896551724139,3.4482758620689653,1.7241379310344827,7.758620689655173,6.896551724137931,7.758620689655173,0.8620689655172413,4.310344827586207,9.482758620689655,0.8620689655172413,8.620689655172415
192,5.208333333333334,4.6875,16.145833333333336,3.125,10.416666666666668,0.0,3.6458333333333335,1.5625,10.9375,4.6875,9.895833333333332,3.6458333333333335,5.208333333333334,3.125,4.6875,0.5208333333333333,4.166666666666666,1.0416666666666665,1.5625,5.729166666666666
103,4.854368932038835,0.9708737864077669,2.912621359223301,3.8834951456310676,9.70873786407767,1.9417475728155338,4.854368932038835,0.9708737864077669,7.766990291262135,2.912621359223301,7.766990291262135,6.796116504854369,4.854368932038835,2.912621359223301,2.912621359223301,3.8834951456310676,7.766990291262135,9.70873786407767,1.9417475728155338,10.679611650485436
140,7.857142857142857,4.285714285714286,7.142857142857142,3.571428571428571,12.142857142857142,0.0,0.7142857142857143,5.0,9.285714285714286,5.714285714285714,0.0,5.714285714285714,3.571428571428571,5.714285714285714,2.142857142857143,3.571428571428571,9.285714285714286,0.0,3.571428571428571,10.714285714285714
181,3.867403314917127,1.6574585635359116,4.41988950276243,6.629834254143646,14.3646408839779,0.5524861878453038,0.5524861878453038,5.524861878453039,11.602209944751381,1.6574585635359116,3.867403314917127,9.94475138121547,5.524861878453039,3.867403314917127,3.867403314917127,5.524861878453039,5.524861878453039,2.7624309392265194,3.314917127071823,4.972375690607735
176,3.977272727272727,3.4090909090909087,9.090909090909092,6.25,5.681818181818182,1.1363636363636365,1.1363636363636365,2.840909090909091,13.068181818181818,5.113636363636364,7.954545454545454,7.386363636363637,6.25,5.113636363636364,5.681818181818182,1.7045454545454544,1.7045454545454544,5.113636363636364,2.840909090909091,4.545454545454546
112,2.6785714285714284,0.0,8.035714285714286,2.6785714285714284,11.607142857142858,0.8928571428571428,2.6785714285714284,3.571428571428571,16.964285714285715,3.571428571428571,3.571428571428571,6.25,4.464285714285714,4.464285714285714,7.142857142857142,5.357142857142857,6.25,2.6785714285714284,2.6785714285714284,4.464285714285714
153,5.88235294117647,3.9215686274509802,7.18954248366013,3.2679738562091507,2.6143790849673203,0.0,11.76470588235294,7.18954248366013,11.11111111111111,3.2679738562091507,10.457516339869281,3.2679738562091507,3.9215686274509802,3.2679738562091507,5.88235294117647,3.9215686274509802,2.6143790849673203,1.3071895424836601,3.2679738562091507,5.88235294117647
153,3.2679738562091507,3.9215686274509802,4.57516339869281,5.228758169934641,3.2679738562091507,1.3071895424836601,6.535947712418301,3.9215686274509802,10.457516339869281,4.57516339869281,3.2679738562091507,5.88235294117647,7.8431372549019605,7.18954248366013,4.57516339869281,7.8431372549019605,4.57516339869281,5.228758169934641,1.9607843137254901,4.57516339869281
145,6.206896551724138,2.7586206896551726,4.827586206896552,3.4482758620689653,5.517241379310345,0.6896551724137931,5.517241379310345,4.827586206896552,10.344827586206897,5.517241379310345,6.206896551724138,5.517241379310345,5.517241379310345,11.724137931034482,1.3793103448275863,4.137931034482759,2.7586206896551726,5.517241379310345,3.4482758620689653,4.137931034482759
147,5.442176870748299,3.4013605442176873,6.802721088435375,4.761904761904762,3.4013605442176873,1.3605442176870748,6.122448979591836,6.122448979591836,6.122448979591836,2.7210884353741496,4.081632653061225,7.482993197278912,5.442176870748299,4.761904761904762,4.761904761904762,5.442176870748299,5.442176870748299,4.761904761904762,3.4013605442176873,8.16326530612245
192,2.604166666666667,2.604166666666667,13.020833333333334,4.166666666666666,5.208333333333334,1.0416666666666665,4.166666666666666,2.083333333333333,13.541666666666666,3.6458333333333335,5.729166666666666,3.6458333333333335,7.8125,4.6875,5.729166666666666,0.0,6.770833333333333,3.125,3.6458333333333335,6.770833333333333
121,4.958677685950414,2.479338842975207,1.6528925619834711,4.958677685950414,11.570247933884298,2.479338842975207,7.43801652892562,6.6115702479338845,8.264462809917356,4.132231404958678,4.132231404958678,4.958677685950414,4.132231404958678,2.479338842975207,7.43801652892562,1.6528925619834711,3.3057851239669422,5.785123966942149,3.3057851239669422,8.264462809917356
93,5.376344086021505,1.0752688172043012,6.451612903225806,2.1505376344086025,9.67741935483871,0.0,3.225806451612903,2.1505376344086025,11.827956989247312,6.451612903225806,8.60215053763441,3.225806451612903,7.526881720430108,5.376344086021505,4.301075268817205,2.1505376344086025,6.451612903225806,6.451612903225806,2.1505376344086025,5.376344086021505
181,4.972375690607735,3.314917127071823,5.524861878453039,6.077348066298343,13.259668508287293,0.5524861878453038,0.5524861878453038,3.867403314917127,11.602209944751381,1.1049723756906076,3.867403314917127,8.83977900552486,5.524861878453039,5.524861878453039,4.972375690607735,3.867403314917127,4.41988950276243,2.209944751381215,3.314917127071823,6.629834254143646
140,2.857142857142857,1.4285714285714286,6.428571428571428,1.4285714285714286,5.0,2.857142857142857,2.857142857142857,3.571428571428571,5.0,4.285714285714286,4.285714285714286,0.7142857142857143,9.285714285714286,5.0,7.857142857142857,1.4285714285714286,10.0,7.142857142857142,1.4285714285714286,17.142857142857142
140,2.857142857142857,1.4285714285714286,6.428571428571428,1.4285714285714286,5.0,2.857142857142857,2.857142857142857,3.571428571428571,5.0,4.285714285714286,4.285714285714286,0.7142857142857143,9.285714285714286,5.0,7.857142857142857,1.4285714285714286,10.0,7.142857142857142,1.4285714285714286,17.142857142857142
165,1.2121212121212122,3.0303030303030303,8.484848484848486,2.4242424242424243,4.848484848484849,3.0303030303030303,1.2121212121212122,5.454545454545454,10.303030303030303,4.242424242424243,6.666666666666667,6.666666666666667,7.2727272727272725,8.484848484848486,8.484848484848486,2.4242424242424243,6.0606060606060606,1.8181818181818181,3.0303030303030303,4.848484848484849
199,6.030150753768844,4.0201005025125625,3.5175879396984926,2.512562814070352,7.035175879396985,1.0050251256281406,8.040201005025125,2.0100502512562812,9.547738693467336,6.532663316582915,3.5175879396984926,3.5175879396984926,5.025125628140704,5.527638190954774,9.547738693467336,4.0201005025125625,9.045226130653267,1.507537688442211,3.015075376884422,5.025125628140704
162,4.320987654320987,3.7037037037037033,8.641975308641975,0.0,7.4074074074074066,0.6172839506172839,12.345679012345679,4.320987654320987,9.876543209876543,3.7037037037037033,6.790123456790123,3.0864197530864197,2.4691358024691357,8.641975308641975,13.580246913580247,2.4691358024691357,4.938271604938271,0.6172839506172839,0.6172839506172839,1.8518518518518516
119,2.5210084033613445,1.680672268907563,3.361344537815126,6.722689075630252,5.042016806722689,0.8403361344537815,3.361344537815126,1.680672268907563,10.084033613445378,4.201680672268908,8.403361344537815,5.88235294117647,0.8403361344537815,7.563025210084033,10.084033613445378,1.680672268907563,3.361344537815126,4.201680672268908,0.8403361344537815,17.647058823529413
94,6.382978723404255,0.0,6.382978723404255,1.0638297872340425,7.446808510638298,0.0,11.702127659574469,2.127659574468085,8.51063829787234,9.574468085106384,2.127659574468085,0.0,6.382978723404255,8.51063829787234,3.1914893617021276,2.127659574468085,5.319148936170213,10.638297872340425,2.127659574468085,6.382978723404255
112,4.464285714285714,1.7857142857142856,9.821428571428571,2.6785714285714284,7.142857142857142,0.8928571428571428,5.357142857142857,3.571428571428571,7.142857142857142,6.25,6.25,5.357142857142857,3.571428571428571,9.821428571428571,6.25,6.25,4.464285714285714,0.0,5.357142857142857,3.571428571428571
81,0.0,0.0,8.641975308641975,2.4691358024691357,6.172839506172839,0.0,14.814814814814813,2.4691358024691357,14.814814814814813,8.641975308641975,2.4691358024691357,2.4691358024691357,2.4691358024691357,6.172839506172839,4.938271604938271,3.7037037037037033,4.938271604938271,9.876543209876543,2.4691358024691357,2.4691358024691357
111,3.6036036036036037,2.7027027027027026,7.207207207207207,2.7027027027027026,4.504504504504505,1.8018018018018018,8.108108108108109,2.7027027027027026,11.711711711711711,5.405405405405405,6.306306306306306,3.6036036036036037,8.108108108108109,6.306306306306306,3.6036036036036037,2.7027027027027026,4.504504504504505,7.207207207207207,3.6036036036036037,3.6036036036036037
148,3.3783783783783785,0.6756756756756757,4.72972972972973,5.405405405405405,6.756756756756757,3.3783783783783785,8.108108108108109,4.72972972972973,12.162162162162163,3.3783783783783785,6.756756756756757,6.756756756756757,2.027027027027027,2.027027027027027,4.054054054054054,2.7027027027027026,5.405405405405405,9.45945945945946,2.027027027027027,6.081081081081082
115,4.3478260869565215,0.8695652173913043,9.565217391304348,2.608695652173913,3.4782608695652173,0.8695652173913043,6.086956521739131,0.8695652173913043,4.3478260869565215,4.3478260869565215,0.8695652173913043,4.3478260869565215,6.956521739130435,13.043478260869565,7.82608695652174,0.8695652173913043,15.65217391304348,0.0,3.4782608695652173,9.565217391304348
77,10.38961038961039,1.2987012987012987,7.792207792207792,2.5974025974025974,11.688311688311687,0.0,1.2987012987012987,2.5974025974025974,11.688311688311687,7.792207792207792,2.5974025974025974,7.792207792207792,2.5974025974025974,5.194805194805195,9.090909090909092,2.5974025974025974,2.5974025974025974,1.2987012987012987,3.896103896103896,5.194805194805195
135,3.7037037037037033,1.4814814814814816,8.88888888888889,2.9629629629629632,6.666666666666667,2.9629629629629632,11.11111111111111,2.2222222222222223,5.185185185185185,1.4814814814814816,9.62962962962963,1.4814814814814816,1.4814814814814816,4.444444444444445,14.074074074074074,0.0,14.074074074074074,6.666666666666667,0.7407407407407408,0.7407407407407408
93,3.225806451612903,1.0752688172043012,10.75268817204301,3.225806451612903,0.0,3.225806451612903,3.225806451612903,9.67741935483871,9.67741935483871,4.301075268817205,2.1505376344086025,5.376344086021505,6.451612903225806,9.67741935483871,4.301075268817205,4.301075268817205,6.451612903225806,5.376344086021505,2.1505376344086025,5.376344086021505
104,4.807692307692308,5.769230769230769,10.576923076923077,4.807692307692308,3.8461538461538463,0.0,5.769230769230769,3.8461538461538463,10.576923076923077,9.615384615384617,4.807692307692308,4.807692307692308,2.8846153846153846,1.9230769230769231,12.5,0.9615384615384616,4.807692307692308,0.0,1.9230769230769231,5.769230769230769
104,3.8461538461538463,3.8461538461538463,9.615384615384617,3.8461538461538463,3.8461538461538463,2.8846153846153846,13.461538461538462,0.0,13.461538461538462,2.8846153846153846,7.6923076923076925,1.9230769230769231,5.769230769230769,7.6923076923076925,1.9230769230769231,0.9615384615384616,5.769230769230769,2.8846153846153846,2.8846153846153846,4.807692307692308
105,3.8095238095238098,1.9047619047619049,7.6190476190476195,2.857142857142857,3.8095238095238098,0.9523809523809524,2.857142857142857,8.571428571428571,10.476190476190476,3.8095238095238098,7.6190476190476195,2.857142857142857,2.857142857142857,3.8095238095238098,4.761904761904762,0.9523809523809524,13.333333333333334,6.666666666666667,0.9523809523809524,9.523809523809524
167,3.592814371257485,3.592814371257485,7.784431137724551,7.18562874251497,8.982035928143713,0.5988023952095809,2.3952095808383236,4.191616766467066,8.982035928143713,5.389221556886228,8.982035928143713,4.790419161676647,3.592814371257485,2.9940119760479043,3.592814371257485,2.3952095808383236,4.790419161676647,1.1976047904191618,5.389221556886228,9.580838323353294
144,11.805555555555555,1.3888888888888888,2.083333333333333,5.555555555555555,9.722222222222223,0.6944444444444444,2.083333333333333,2.7777777777777777,6.944444444444445,2.083333333333333,7.638888888888889,8.333333333333332,2.083333333333333,3.4722222222222223,4.861111111111112,3.4722222222222223,9.722222222222223,2.083333333333333,2.7777777777777777,10.416666666666668
197,4.568527918781726,3.5532994923857872,8.629441624365482,2.030456852791878,6.091370558375635,0.5076142131979695,11.16751269035533,4.060913705583756,7.1065989847715745,6.091370558375635,7.614213197969544,3.5532994923857872,7.614213197969544,7.614213197969544,3.5532994923857872,1.015228426395939,5.0761421319796955,1.015228426395939,2.030456852791878,7.1065989847715745
195,3.5897435897435894,5.641025641025641,8.717948717948717,2.051282051282051,6.666666666666667,0.0,12.307692307692308,4.102564102564102,8.717948717948717,6.153846153846154,5.641025641025641,3.076923076923077,8.717948717948717,6.153846153846154,3.076923076923077,1.0256410256410255,6.666666666666667,2.051282051282051,1.5384615384615385,4.102564102564102
63,1.5873015873015872,4.761904761904762,1.5873015873015872,0.0,12.698412698412698,0.0,11.11111111111111,1.5873015873015872,6.349206349206349,1.5873015873015872,3.1746031746031744,6.349206349206349,1.5873015873015872,0.0,15.873015873015872,0.0,6.349206349206349,9.523809523809524,3.1746031746031744,12.698412698412698
192,4.166666666666666,4.166666666666666,8.854166666666668,2.083333333333333,6.770833333333333,0.5208333333333333,11.458333333333332,3.6458333333333335,7.291666666666667,6.770833333333333,6.770833333333333,3.6458333333333335,8.333333333333332,7.8125,3.125,0.5208333333333333,4.166666666666666,1.0416666666666665,2.083333333333333,6.770833333333333
113,8.849557522123893,0.8849557522123894,1.7699115044247788,4.424778761061947,7.964601769911504,1.7699115044247788,6.1946902654867255,7.079646017699115,9.734513274336283,2.6548672566371683,10.619469026548673,5.3097345132743365,4.424778761061947,5.3097345132743365,1.7699115044247788,3.5398230088495577,6.1946902654867255,0.0,4.424778761061947,7.079646017699115
98,1.0204081632653061,4.081632653061225,23.46938775510204,0.0,1.0204081632653061,0.0,10.204081632653061,0.0,3.061224489795918,8.16326530612245,8.16326530612245,0.0,3.061224489795918,0.0,3.061224489795918,0.0,12.244897959183673,16.3265306122449,1.0204081632653061,5.1020408163265305
151,7.9470198675496695,3.3112582781456954,6.622516556291391,2.6490066225165565,13.245033112582782,1.3245033112582782,4.635761589403973,3.9735099337748347,13.245033112582782,4.635761589403973,4.635761589403973,1.9867549668874174,1.3245033112582782,5.298013245033113,5.298013245033113,3.9735099337748347,4.635761589403973,3.3112582781456954,5.960264900662252,1.9867549668874174
145,4.137931034482759,4.137931034482759,8.96551724137931,2.7586206896551726,4.827586206896552,0.6896551724137931,4.827586206896552,6.206896551724138,11.03448275862069,2.7586206896551726,6.206896551724138,3.4482758620689653,4.137931034482759,8.275862068965518,2.7586206896551726,6.896551724137931,6.206896551724138,1.3793103448275863,4.137931034482759,6.206896551724138
93,5.376344086021505,1.0752688172043012,6.451612903225806,2.1505376344086025,10.75268817204301,0.0,3.225806451612903,2.1505376344086025,12.903225806451612,6.451612903225806,6.451612903225806,2.1505376344086025,5.376344086021505,5.376344086021505,6.451612903225806,2.1505376344086025,7.526881720430108,6.451612903225806,3.225806451612903,4.301075268817205
199,3.5175879396984926,1.507537688442211,9.547738693467336,3.015075376884422,8.542713567839195,0.5025125628140703,3.015075376884422,3.5175879396984926,8.040201005025125,6.030150753768844,5.527638190954774,6.532663316582915,5.527638190954774,7.537688442211055,4.522613065326634,2.512562814070352,5.527638190954774,3.015075376884422,2.512562814070352,9.547738693467336
178,5.056179775280898,1.6853932584269662,10.674157303370785,5.056179775280898,10.674157303370785,0.5617977528089888,7.865168539325842,2.8089887640449436,3.3707865168539324,2.247191011235955,4.49438202247191,2.8089887640449436,5.617977528089887,2.8089887640449436,11.797752808988763,0.0,8.426966292134832,0.0,2.8089887640449436,11.235955056179774
193,4.145077720207254,3.1088082901554404,6.7357512953367875,1.5544041450777202,5.699481865284974,1.5544041450777202,5.699481865284974,2.072538860103627,18.134715025906736,7.772020725388601,7.253886010362693,2.072538860103627,6.7357512953367875,4.66321243523316,10.362694300518134,0.0,1.5544041450777202,3.1088082901554404,1.0362694300518136,6.7357512953367875
141,2.8368794326241136,3.546099290780142,7.092198581560284,6.382978723404255,3.546099290780142,0.7092198581560284,6.382978723404255,6.382978723404255,12.76595744680851,5.673758865248227,4.25531914893617,6.382978723404255,6.382978723404255,4.25531914893617,6.382978723404255,2.127659574468085,7.801418439716312,2.127659574468085,2.8368794326241136,2.127659574468085
196,4.591836734693878,2.0408163265306123,8.673469387755102,3.061224489795918,8.673469387755102,1.0204081632653061,3.061224489795918,4.591836734693878,5.1020408163265305,7.653061224489796,6.63265306122449,2.0408163265306123,5.612244897959184,4.081632653061225,9.183673469387756,5.612244897959184,4.081632653061225,2.5510204081632653,2.0408163265306123,9.693877551020408
89,3.3707865168539324,2.247191011235955,3.3707865168539324,2.247191011235955,10.112359550561797,0.0,3.3707865168539324,5.617977528089887,8.98876404494382,10.112359550561797,4.49438202247191,4.49438202247191,7.865168539325842,4.49438202247191,6.741573033707865,3.3707865168539324,3.3707865168539324,4.49438202247191,2.247191011235955,8.98876404494382
89,3.3707865168539324,2.247191011235955,3.3707865168539324,2.247191011235955,10.112359550561797,0.0,3.3707865168539324,5.617977528089887,8.98876404494382,10.112359550561797,4.49438202247191,4.49438202247191,7.865168539325842,4.49438202247191,6.741573033707865,3.3707865168539324,3.3707865168539324,4.49438202247191,2.247191011235955,8.98876404494382
173,6.9364161849710975,1.7341040462427744,8.092485549132949,4.624277456647398,4.624277456647398,0.5780346820809248,10.404624277456648,2.8901734104046244,7.514450867052023,8.092485549132949,5.202312138728324,4.046242774566474,1.1560693641618496,6.358381502890173,11.560693641618498,0.5780346820809248,8.670520231213873,0.5780346820809248,1.7341040462427744,4.624277456647398
186,9.13978494623656,3.225806451612903,4.838709677419355,4.301075268817205,8.064516129032258,0.5376344086021506,4.838709677419355,3.225806451612903,7.526881720430108,8.064516129032258,5.913978494623656,3.225806451612903,2.6881720430107525,4.301075268817205,8.064516129032258,2.6881720430107525,8.064516129032258,1.6129032258064515,1.0752688172043012,8.60215053763441
177,2.2598870056497176,2.2598870056497176,15.819209039548024,1.1299435028248588,2.824858757062147,0.5649717514124294,11.864406779661017,1.694915254237288,2.2598870056497176,5.084745762711865,1.1299435028248588,3.389830508474576,10.734463276836157,3.954802259887006,3.389830508474576,0.0,1.1299435028248588,25.423728813559322,1.1299435028248588,3.954802259887006
195,9.230769230769232,4.102564102564102,11.282051282051283,3.5897435897435894,6.153846153846154,0.5128205128205128,5.641025641025641,3.076923076923077,4.615384615384616,3.5897435897435894,8.205128205128204,3.076923076923077,5.641025641025641,2.564102564102564,9.743589743589745,0.5128205128205128,10.256410256410255,0.0,1.5384615384615385,6.666666666666667
189,3.7037037037037033,1.0582010582010581,7.4074074074074066,1.0582010582010581,4.232804232804233,1.5873015873015872,3.7037037037037033,3.1746031746031744,14.814814814814813,3.7037037037037033,4.761904761904762,5.82010582010582,5.82010582010582,9.523809523809524,7.936507936507936,4.232804232804233,7.4074074074074066,0.5291005291005291,3.1746031746031744,6.349206349206349
195,4.615384615384616,5.128205128205128,12.307692307692308,1.0256410256410255,1.0256410256410255,1.0256410256410255,7.6923076923076925,4.615384615384616,5.641025641025641,4.615384615384616,10.76923076923077,2.051282051282051,5.128205128205128,2.051282051282051,6.153846153846154,3.076923076923077,12.82051282051282,0.5128205128205128,2.051282051282051,7.6923076923076925
184,4.891304347826087,5.434782608695652,11.41304347826087,1.0869565217391304,1.0869565217391304,0.5434782608695652,8.152173913043478,4.3478260869565215,4.891304347826087,4.891304347826087,10.326086956521738,2.1739130434782608,5.434782608695652,2.1739130434782608,6.521739130434782,3.260869565217391,12.5,0.5434782608695652,2.1739130434782608,8.152173913043478
169,5.325443786982249,4.733727810650888,11.834319526627219,1.183431952662722,1.183431952662722,0.591715976331361,6.508875739644971,5.325443786982249,4.733727810650888,4.733727810650888,10.650887573964498,2.366863905325444,5.9171597633136095,1.7751479289940828,6.508875739644971,2.9585798816568047,14.201183431952662,0.0,1.7751479289940828,7.6923076923076925
154,4.545454545454546,5.844155844155844,13.636363636363635,1.2987012987012987,0.6493506493506493,1.2987012987012987,9.090909090909092,3.896103896103896,5.844155844155844,4.545454545454546,12.987012987012985,1.948051948051948,5.844155844155844,2.5974025974025974,4.545454545454546,1.948051948051948,10.38961038961039,0.6493506493506493,2.5974025974025974,5.844155844155844
158,5.69620253164557,5.063291139240507,10.759493670886076,1.2658227848101267,1.2658227848101267,0.0,6.962025316455696,5.063291139240507,3.79746835443038,5.063291139240507,10.126582278481013,2.5316455696202533,6.329113924050633,1.89873417721519,6.962025316455696,3.1645569620253164,13.924050632911392,0.0,1.89873417721519,8.227848101265822
128,5.46875,5.46875,13.28125,1.5625,0.78125,0.78125,7.8125,4.6875,4.6875,4.6875,13.28125,2.34375,7.03125,2.34375,4.6875,1.5625,11.71875,0.0,2.34375,5.46875
105,3.8095238095238098,0.9523809523809524,10.476190476190476,4.761904761904762,8.571428571428571,0.0,2.857142857142857,3.8095238095238098,13.333333333333334,6.666666666666667,13.333333333333334,1.9047619047619049,5.714285714285714,6.666666666666667,4.761904761904762,0.9523809523809524,4.761904761904762,0.0,1.9047619047619049,4.761904761904762
199,2.512562814070352,1.0050251256281406,9.547738693467336,3.5175879396984926,13.5678391959799,0.5025125628140703,4.522613065326634,2.512562814070352,8.040201005025125,5.527638190954774,3.015075376884422,3.5175879396984926,8.542713567839195,5.527638190954774,9.547738693467336,0.5025125628140703,6.030150753768844,0.0,3.015075376884422,9.045226130653267
194,2.5773195876288657,1.0309278350515463,9.278350515463918,3.0927835051546393,13.917525773195877,0.5154639175257731,4.123711340206185,3.608247422680412,8.762886597938143,5.670103092783505,2.5773195876288657,2.0618556701030926,8.762886597938143,5.670103092783505,9.793814432989691,0.5154639175257731,6.185567010309279,0.0,2.0618556701030926,9.793814432989691
196,4.081632653061225,3.061224489795918,4.591836734693878,3.061224489795918,3.571428571428571,4.081632653061225,3.571428571428571,7.142857142857142,11.73469387755102,3.571428571428571,3.061224489795918,7.653061224489796,4.591836734693878,10.204081632653061,4.081632653061225,4.591836734693878,6.63265306122449,5.1020408163265305,3.571428571428571,2.0408163265306123
57,0.0,1.7543859649122806,10.526315789473683,0.0,1.7543859649122806,1.7543859649122806,1.7543859649122806,3.508771929824561,12.280701754385964,3.508771929824561,8.771929824561402,12.280701754385964,1.7543859649122806,5.263157894736842,5.263157894736842,1.7543859649122806,8.771929824561402,10.526315789473683,5.263157894736842,3.508771929824561
63,0.0,3.1746031746031744,4.761904761904762,3.1746031746031744,3.1746031746031744,0.0,6.349206349206349,11.11111111111111,11.11111111111111,3.1746031746031744,9.523809523809524,4.761904761904762,3.1746031746031744,4.761904761904762,7.936507936507936,1.5873015873015872,7.936507936507936,9.523809523809524,1.5873015873015872,3.1746031746031744
107,0.9345794392523363,0.0,12.149532710280374,0.9345794392523363,13.084112149532709,0.0,12.149532710280374,0.0,2.803738317757009,5.607476635514018,10.2803738317757,0.9345794392523363,5.607476635514018,3.7383177570093453,4.672897196261682,0.0,11.214953271028037,0.0,0.9345794392523363,14.953271028037381
192,2.604166666666667,1.0416666666666665,10.416666666666668,3.125,4.166666666666666,1.5625,4.6875,2.604166666666667,14.583333333333334,4.6875,4.6875,4.6875,7.8125,7.8125,5.208333333333334,3.6458333333333335,8.333333333333332,3.6458333333333335,1.5625,3.125
200,6.0,1.5,9.0,5.5,7.000000000000001,1.0,5.5,3.0,10.0,6.0,10.5,0.5,5.5,6.0,9.0,2.5,5.5,0.0,1.5,4.5
180,2.7777777777777777,2.7777777777777777,5.555555555555555,4.444444444444445,3.3333333333333335,2.2222222222222223,5.0,7.777777777777778,14.444444444444443,3.3333333333333335,3.3333333333333335,7.222222222222221,7.777777777777778,7.222222222222221,7.222222222222221,3.888888888888889,5.555555555555555,1.6666666666666667,2.2222222222222223,2.2222222222222223
140,6.428571428571428,2.142857142857143,10.0,2.857142857142857,6.428571428571428,1.4285714285714286,3.571428571428571,7.142857142857142,8.571428571428571,8.571428571428571,5.714285714285714,2.857142857142857,7.142857142857142,8.571428571428571,2.142857142857143,1.4285714285714286,7.142857142857142,2.857142857142857,1.4285714285714286,3.571428571428571
116,6.0344827586206895,3.4482758620689653,11.206896551724139,4.310344827586207,6.0344827586206895,1.7241379310344827,5.172413793103448,6.0344827586206895,8.620689655172415,10.344827586206897,4.310344827586207,1.7241379310344827,5.172413793103448,7.758620689655173,1.7241379310344827,0.8620689655172413,8.620689655172415,3.4482758620689653,0.8620689655172413,2.586206896551724
152,5.263157894736842,0.0,11.842105263157894,1.9736842105263157,11.18421052631579,0.6578947368421052,11.842105263157894,0.6578947368421052,5.921052631578947,6.578947368421052,10.526315789473683,6.578947368421052,3.289473684210526,4.605263157894736,5.921052631578947,0.6578947368421052,4.605263157894736,0.0,0.6578947368421052,7.236842105263158
192,3.125,4.6875,8.333333333333332,1.5625,7.291666666666667,1.0416666666666665,11.979166666666668,4.166666666666666,9.895833333333332,4.6875,7.8125,2.604166666666667,4.6875,8.333333333333332,2.604166666666667,3.6458333333333335,6.25,1.5625,1.5625,4.166666666666666
157,1.910828025477707,3.821656050955414,7.643312101910828,2.547770700636943,3.821656050955414,0.0,7.006369426751593,3.1847133757961785,6.369426751592357,3.1847133757961785,6.369426751592357,5.7324840764331215,6.369426751592357,8.280254777070063,8.280254777070063,2.547770700636943,8.280254777070063,4.45859872611465,3.1847133757961785,7.006369426751593
117,5.982905982905983,0.8547008547008548,6.837606837606838,3.418803418803419,10.256410256410255,0.0,6.837606837606838,1.7094017094017095,8.547008547008547,8.547008547008547,1.7094017094017095,1.7094017094017095,4.273504273504273,1.7094017094017095,7.6923076923076925,2.564102564102564,8.547008547008547,0.0,3.418803418803419,15.384615384615385
200,9.5,1.5,5.5,1.0,15.5,0.5,8.0,0.5,3.0,6.0,10.0,0.5,1.5,4.0,7.000000000000001,1.0,10.5,0.5,2.5,11.5
106,4.716981132075472,5.660377358490567,2.8301886792452833,0.9433962264150944,11.320754716981133,0.9433962264150944,6.60377358490566,5.660377358490567,6.60377358490566,2.8301886792452833,8.49056603773585,5.660377358490567,2.8301886792452833,0.0,5.660377358490567,2.8301886792452833,5.660377358490567,3.7735849056603774,4.716981132075472,12.264150943396226
132,5.303030303030303,0.7575757575757576,6.0606060606060606,3.787878787878788,6.8181818181818175,1.5151515151515151,0.7575757575757576,3.787878787878788,8.333333333333332,2.272727272727273,6.0606060606060606,6.8181818181818175,8.333333333333332,7.575757575757576,5.303030303030303,2.272727272727273,7.575757575757576,1.5151515151515151,3.0303030303030303,12.121212121212121
164,4.878048780487805,1.8292682926829267,6.097560975609756,2.4390243902439024,12.804878048780488,1.8292682926829267,7.317073170731707,3.048780487804878,7.926829268292683,2.4390243902439024,7.317073170731707,2.4390243902439024,3.6585365853658534,7.926829268292683,5.487804878048781,3.048780487804878,7.926829268292683,2.4390243902439024,1.2195121951219512,7.926829268292683
135,4.444444444444445,0.0,2.9629629629629632,2.9629629629629632,5.9259259259259265,0.7407407407407408,7.4074074074074066,8.148148148148149,6.666666666666667,3.7037037037037033,5.9259259259259265,2.9629629629629632,9.62962962962963,5.9259259259259265,7.4074074074074066,3.7037037037037033,8.148148148148149,0.0,2.2222222222222223,11.11111111111111
95,6.315789473684211,0.0,8.421052631578947,3.1578947368421053,6.315789473684211,0.0,7.368421052631578,1.0526315789473684,15.789473684210526,3.1578947368421053,6.315789473684211,3.1578947368421053,6.315789473684211,3.1578947368421053,8.421052631578947,4.2105263157894735,5.263157894736842,3.1578947368421053,2.1052631578947367,6.315789473684211
199,3.5175879396984926,5.025125628140704,11.557788944723619,6.532663316582915,7.537688442211055,4.0201005025125625,1.507537688442211,3.5175879396984926,7.035175879396985,2.0100502512562812,3.015075376884422,6.030150753768844,6.532663316582915,6.030150753768844,6.532663316582915,2.512562814070352,5.025125628140704,4.0201005025125625,1.0050251256281406,7.035175879396985
