Length,D,E,G,K,N,W,V,I,Q,P,T,A,S,R,L,H,Y,M,F,C
66,1.5151515151515151,6.0606060606060606,1.5151515151515151,6.0606060606060606,6.0606060606060606,4.545454545454546,9.090909090909092,0.0,4.545454545454546,0.0,3.0303030303030303,16.666666666666664,10.606060606060606,12.121212121212121,6.0606060606060606,0.0,4.545454545454546,3.0303030303030303,1.5151515151515151,3.0303030303030303
113,2.6548672566371683,10.619469026548673,5.3097345132743365,19.469026548672566,2.6548672566371683,0.0,5.3097345132743365,5.3097345132743365,5.3097345132743365,1.7699115044247788,7.964601769911504,4.424778761061947,9.734513274336283,5.3097345132743365,7.964601769911504,0.0,0.0,4.424778761061947,0.8849557522123894,0.8849557522123894
52,0.0,1.9230769230769231,3.8461538461538463,17.307692307692307,1.9230769230769231,0.0,7.6923076923076925,7.6923076923076925,0.0,0.0,3.8461538461538463,1.9230769230769231,7.6923076923076925,5.769230769230769,11.538461538461538,5.769230769230769,5.769230769230769,3.8461538461538463,11.538461538461538,1.9230769230769231
92,5.434782608695652,5.434782608695652,8.695652173913043,3.260869565217391,5.434782608695652,1.0869565217391304,1.0869565217391304,4.3478260869565215,7.608695652173914,2.1739130434782608,6.521739130434782,7.608695652173914,13.043478260869565,2.1739130434782608,10.869565217391305,3.260869565217391,1.0869565217391304,3.260869565217391,6.521739130434782,1.0869565217391304
163,3.067484662576687,1.8404907975460123,4.9079754601226995,1.2269938650306749,3.6809815950920246,0.0,4.9079754601226995,9.202453987730062,1.2269938650306749,5.521472392638037,7.361963190184049,7.975460122699387,17.177914110429448,7.975460122699387,8.588957055214724,1.2269938650306749,1.2269938650306749,3.067484662576687,6.134969325153374,3.6809815950920246
73,4.10958904109589,2.73972602739726,6.8493150684931505,6.8493150684931505,5.47945205479452,0.0,8.21917808219178,4.10958904109589,1.36986301369863,1.36986301369863,10.95890410958904,4.10958904109589,8.21917808219178,5.47945205479452,13.698630136986301,1.36986301369863,6.8493150684931505,4.10958904109589,1.36986301369863,2.73972602739726
67,2.9850746268656714,1.4925373134328357,1.4925373134328357,10.44776119402985,0.0,0.0,2.9850746268656714,1.4925373134328357,2.9850746268656714,4.477611940298507,10.44776119402985,8.955223880597014,13.432835820895523,4.477611940298507,10.44776119402985,1.4925373134328357,8.955223880597014,4.477611940298507,7.462686567164178,1.4925373134328357
78,3.8461538461538463,5.128205128205128,1.282051282051282,12.82051282051282,6.41025641025641,0.0,1.282051282051282,7.6923076923076925,6.41025641025641,1.282051282051282,3.8461538461538463,5.128205128205128,14.102564102564102,12.82051282051282,7.6923076923076925,2.564102564102564,2.564102564102564,2.564102564102564,2.564102564102564,0.0
79,0.0,2.5316455696202533,6.329113924050633,1.2658227848101267,8.860759493670885,0.0,11.39240506329114,7.59493670886076,5.063291139240507,6.329113924050633,16.455696202531644,21.518987341772153,2.5316455696202533,0.0,3.79746835443038,0.0,0.0,2.5316455696202533,3.79746835443038,0.0
85,10.588235294117647,7.0588235294117645,5.88235294117647,3.5294117647058822,5.88235294117647,0.0,1.1764705882352942,9.411764705882353,3.5294117647058822,4.705882352941177,4.705882352941177,0.0,9.411764705882353,0.0,18.823529411764707,1.1764705882352942,3.5294117647058822,2.3529411764705883,7.0588235294117645,1.1764705882352942
66,0.0,4.545454545454546,9.090909090909092,4.545454545454546,0.0,4.545454545454546,7.575757575757576,7.575757575757576,3.0303030303030303,4.545454545454546,3.0303030303030303,10.606060606060606,10.606060606060606,10.606060606060606,6.0606060606060606,0.0,3.0303030303030303,1.5151515151515151,7.575757575757576,1.5151515151515151
89,6.741573033707865,11.235955056179774,2.247191011235955,4.49438202247191,4.49438202247191,0.0,1.1235955056179776,3.3707865168539324,8.98876404494382,1.1235955056179776,4.49438202247191,12.359550561797752,4.49438202247191,6.741573033707865,17.97752808988764,1.1235955056179776,4.49438202247191,1.1235955056179776,2.247191011235955,1.1235955056179776
80,7.5,8.75,3.75,8.75,1.25,0.0,3.75,1.25,1.25,10.0,11.25,6.25,10.0,5.0,2.5,7.5,6.25,3.75,1.25,0.0
80,3.75,5.0,2.5,6.25,6.25,6.25,6.25,12.5,2.5,2.5,3.75,2.5,6.25,5.0,15.0,0.0,5.0,3.75,2.5,2.5
75,1.3333333333333335,2.666666666666667,4.0,5.333333333333334,5.333333333333334,1.3333333333333335,10.666666666666668,13.333333333333334,0.0,5.333333333333334,4.0,1.3333333333333335,9.333333333333334,2.666666666666667,18.666666666666668,0.0,2.666666666666667,1.3333333333333335,9.333333333333334,1.3333333333333335
73,2.73972602739726,4.10958904109589,4.10958904109589,13.698630136986301,5.47945205479452,0.0,8.21917808219178,8.21917808219178,4.10958904109589,4.10958904109589,2.73972602739726,0.0,12.32876712328767,6.8493150684931505,9.58904109589041,1.36986301369863,5.47945205479452,4.10958904109589,2.73972602739726,0.0
75,0.0,4.0,4.0,12.0,9.333333333333334,0.0,10.666666666666668,2.666666666666667,2.666666666666667,6.666666666666667,6.666666666666667,4.0,9.333333333333334,5.333333333333334,9.333333333333334,2.666666666666667,4.0,1.3333333333333335,5.333333333333334,0.0
62,6.451612903225806,11.29032258064516,0.0,6.451612903225806,8.064516129032258,0.0,1.6129032258064515,4.838709677419355,9.67741935483871,0.0,12.903225806451612,8.064516129032258,9.67741935483871,4.838709677419355,6.451612903225806,1.6129032258064515,0.0,3.225806451612903,3.225806451612903,1.6129032258064515
162,3.7037037037037033,5.555555555555555,6.172839506172839,12.962962962962962,8.024691358024691,0.0,6.172839506172839,3.0864197530864197,6.172839506172839,6.790123456790123,4.320987654320987,3.7037037037037033,9.25925925925926,6.790123456790123,9.25925925925926,0.6172839506172839,3.7037037037037033,1.2345679012345678,1.2345679012345678,1.2345679012345678
160,3.125,1.25,1.25,3.125,3.125,0.625,8.125,6.25,7.5,6.25,3.125,5.0,10.0,5.625,13.750000000000002,3.75,3.125,1.875,10.625,2.5
72,5.555555555555555,5.555555555555555,6.944444444444445,9.722222222222223,2.7777777777777777,0.0,5.555555555555555,1.3888888888888888,1.3888888888888888,5.555555555555555,11.11111111111111,6.944444444444445,5.555555555555555,4.166666666666666,18.055555555555554,0.0,4.166666666666666,1.3888888888888888,2.7777777777777777,1.3888888888888888
154,5.194805194805195,7.142857142857142,2.5974025974025974,10.38961038961039,5.844155844155844,2.5974025974025974,4.545454545454546,7.792207792207792,4.545454545454546,3.896103896103896,4.545454545454546,3.2467532467532463,8.441558441558442,7.792207792207792,11.688311688311687,2.5974025974025974,0.6493506493506493,5.194805194805195,1.2987012987012987,0.0
85,2.3529411764705883,3.5294117647058822,5.88235294117647,2.3529411764705883,3.5294117647058822,1.1764705882352942,15.294117647058824,4.705882352941177,1.1764705882352942,4.705882352941177,4.705882352941177,9.411764705882353,7.0588235294117645,4.705882352941177,9.411764705882353,3.5294117647058822,3.5294117647058822,1.1764705882352942,8.235294117647058,3.5294117647058822
84,1.1904761904761905,1.1904761904761905,4.761904761904762,7.142857142857142,7.142857142857142,0.0,1.1904761904761905,8.333333333333332,1.1904761904761905,10.714285714285714,10.714285714285714,1.1904761904761905,7.142857142857142,0.0,8.333333333333332,9.523809523809524,8.333333333333332,1.1904761904761905,8.333333333333332,2.380952380952381
112,3.571428571428571,4.464285714285714,5.357142857142857,6.25,6.25,2.6785714285714284,7.142857142857142,5.357142857142857,5.357142857142857,4.464285714285714,3.571428571428571,3.571428571428571,10.714285714285714,2.6785714285714284,7.142857142857142,4.464285714285714,4.464285714285714,3.571428571428571,5.357142857142857,3.571428571428571
66,4.545454545454546,0.0,6.0606060606060606,0.0,4.545454545454546,0.0,1.5151515151515151,6.0606060606060606,12.121212121212121,13.636363636363635,0.0,4.545454545454546,3.0303030303030303,3.0303030303030303,6.0606060606060606,1.5151515151515151,7.575757575757576,4.545454545454546,0.0,21.21212121212121
68,5.88235294117647,5.88235294117647,5.88235294117647,8.823529411764707,1.4705882352941175,0.0,5.88235294117647,7.352941176470589,11.76470588235294,7.352941176470589,2.941176470588235,7.352941176470589,0.0,1.4705882352941175,7.352941176470589,5.88235294117647,1.4705882352941175,4.411764705882353,5.88235294117647,2.941176470588235
82,1.2195121951219512,3.6585365853658534,4.878048780487805,2.4390243902439024,6.097560975609756,0.0,2.4390243902439024,3.6585365853658534,3.6585365853658534,3.6585365853658534,6.097560975609756,3.6585365853658534,7.317073170731707,7.317073170731707,12.195121951219512,2.4390243902439024,9.75609756097561,3.6585365853658534,8.536585365853659,7.317073170731707
107,2.803738317757009,0.9345794392523363,2.803738317757009,6.5420560747663545,5.607476635514018,0.9345794392523363,7.476635514018691,7.476635514018691,1.8691588785046727,4.672897196261682,1.8691588785046727,3.7383177570093453,6.5420560747663545,4.672897196261682,12.149532710280374,5.607476635514018,3.7383177570093453,1.8691588785046727,14.953271028037381,3.7383177570093453
110,10.909090909090908,3.6363636363636362,2.727272727272727,5.454545454545454,6.363636363636363,3.6363636363636362,5.454545454545454,5.454545454545454,1.8181818181818181,5.454545454545454,8.181818181818182,6.363636363636363,3.6363636363636362,6.363636363636363,7.2727272727272725,3.6363636363636362,4.545454545454546,0.9090909090909091,4.545454545454546,3.6363636363636362
128,2.34375,1.5625,1.5625,6.25,2.34375,0.78125,5.46875,1.5625,0.78125,14.84375,7.8125,5.46875,14.0625,5.46875,10.9375,3.125,3.125,2.34375,7.8125,2.34375
101,0.9900990099009901,0.9900990099009901,4.9504950495049505,5.9405940594059405,2.9702970297029703,1.9801980198019802,5.9405940594059405,6.9306930693069315,1.9801980198019802,1.9801980198019802,7.920792079207921,9.900990099009901,7.920792079207921,4.9504950495049505,17.82178217821782,0.9900990099009901,3.9603960396039604,3.9603960396039604,6.9306930693069315,0.9900990099009901
109,3.669724770642202,2.7522935779816518,3.669724770642202,4.587155963302752,1.834862385321101,2.7522935779816518,3.669724770642202,3.669724770642202,1.834862385321101,8.256880733944955,4.587155963302752,3.669724770642202,23.853211009174313,2.7522935779816518,11.009174311926607,5.5045871559633035,0.9174311926605505,0.9174311926605505,5.5045871559633035,4.587155963302752
118,4.23728813559322,2.5423728813559325,6.779661016949152,7.627118644067797,3.389830508474576,0.0,5.932203389830509,5.084745762711865,5.084745762711865,5.932203389830509,5.084745762711865,4.23728813559322,8.47457627118644,5.932203389830509,11.016949152542372,2.5423728813559325,5.932203389830509,1.694915254237288,7.627118644067797,0.847457627118644
117,2.564102564102564,1.7094017094017095,3.418803418803419,10.256410256410255,4.273504273504273,0.8547008547008548,6.837606837606838,6.837606837606838,3.418803418803419,1.7094017094017095,3.418803418803419,2.564102564102564,11.965811965811966,8.547008547008547,6.837606837606838,5.128205128205128,4.273504273504273,3.418803418803419,10.256410256410255,1.7094017094017095
105,5.714285714285714,0.0,3.8095238095238098,1.9047619047619049,3.8095238095238098,0.9523809523809524,5.714285714285714,12.380952380952381,1.9047619047619049,6.666666666666667,5.714285714285714,6.666666666666667,3.8095238095238098,2.857142857142857,10.476190476190476,4.761904761904762,2.857142857142857,2.857142857142857,13.333333333333334,3.8095238095238098
100,1.0,1.0,6.0,3.0,6.0,5.0,9.0,10.0,2.0,3.0,7.000000000000001,3.0,9.0,8.0,11.0,3.0,2.0,1.0,9.0,1.0
117,3.418803418803419,0.8547008547008548,4.273504273504273,7.6923076923076925,2.564102564102564,3.418803418803419,5.128205128205128,3.418803418803419,5.982905982905983,3.418803418803419,6.837606837606838,8.547008547008547,15.384615384615385,3.418803418803419,5.982905982905983,3.418803418803419,4.273504273504273,2.564102564102564,5.982905982905983,3.418803418803419
106,0.0,0.9433962264150944,0.9433962264150944,4.716981132075472,3.7735849056603774,0.9433962264150944,5.660377358490567,8.49056603773585,3.7735849056603774,6.60377358490566,4.716981132075472,7.547169811320755,9.433962264150944,6.60377358490566,11.320754716981133,3.7735849056603774,4.716981132075472,3.7735849056603774,11.320754716981133,0.9433962264150944
187,3.7433155080213902,4.27807486631016,7.4866310160427805,4.27807486631016,5.347593582887701,0.53475935828877,5.88235294117647,8.02139037433155,0.0,5.347593582887701,4.81283422459893,2.6737967914438503,16.0427807486631,4.27807486631016,11.229946524064172,2.6737967914438503,1.06951871657754,1.06951871657754,6.951871657754011,4.27807486631016
103,1.9417475728155338,3.8834951456310676,1.9417475728155338,4.854368932038835,2.912621359223301,2.912621359223301,8.737864077669903,6.796116504854369,2.912621359223301,1.9417475728155338,4.854368932038835,3.8834951456310676,7.766990291262135,6.796116504854369,12.62135922330097,4.854368932038835,3.8834951456310676,1.9417475728155338,11.650485436893204,2.912621359223301
108,1.8518518518518516,2.7777777777777777,5.555555555555555,8.333333333333332,3.7037037037037033,0.0,5.555555555555555,7.4074074074074066,3.7037037037037033,2.7777777777777777,6.481481481481481,3.7037037037037033,11.11111111111111,11.11111111111111,10.185185185185185,3.7037037037037033,3.7037037037037033,0.9259259259259258,5.555555555555555,1.8518518518518516
130,4.615384615384616,3.8461538461538463,3.8461538461538463,13.846153846153847,4.615384615384616,0.7692307692307693,3.8461538461538463,4.615384615384616,3.8461538461538463,5.384615384615385,3.8461538461538463,1.5384615384615385,11.538461538461538,6.923076923076923,11.538461538461538,0.7692307692307693,4.615384615384616,3.8461538461538463,6.153846153846154,0.0
189,2.1164021164021163,4.761904761904762,4.761904761904762,12.16931216931217,2.6455026455026456,0.0,9.523809523809524,10.052910052910052,3.7037037037037033,3.7037037037037033,7.4074074074074066,5.291005291005291,4.232804232804233,7.4074074074074066,7.936507936507936,4.761904761904762,2.1164021164021163,5.291005291005291,2.1164021164021163,0.0
108,1.8518518518518516,3.7037037037037033,0.0,6.481481481481481,5.555555555555555,0.0,4.62962962962963,20.37037037037037,2.7777777777777777,4.62962962962963,10.185185185185185,5.555555555555555,6.481481481481481,5.555555555555555,10.185185185185185,2.7777777777777777,0.9259259259259258,5.555555555555555,2.7777777777777777,0.0
126,5.555555555555555,5.555555555555555,2.380952380952381,9.523809523809524,4.761904761904762,0.0,3.968253968253968,4.761904761904762,2.380952380952381,5.555555555555555,8.73015873015873,9.523809523809524,7.936507936507936,5.555555555555555,3.968253968253968,0.7936507936507936,3.968253968253968,3.968253968253968,7.936507936507936,3.1746031746031744
110,3.6363636363636362,0.9090909090909091,0.9090909090909091,2.727272727272727,4.545454545454546,2.727272727272727,10.0,10.909090909090908,2.727272727272727,3.6363636363636362,7.2727272727272725,4.545454545454546,3.6363636363636362,4.545454545454546,14.545454545454545,1.8181818181818181,4.545454545454546,2.727272727272727,7.2727272727272725,6.363636363636363
102,2.941176470588235,2.941176470588235,3.9215686274509802,8.823529411764707,4.901960784313726,0.0,2.941176470588235,9.803921568627452,1.9607843137254901,2.941176470588235,2.941176470588235,5.88235294117647,14.705882352941178,3.9215686274509802,11.76470588235294,2.941176470588235,4.901960784313726,3.9215686274509802,5.88235294117647,1.9607843137254901
110,1.8181818181818181,1.8181818181818181,7.2727272727272725,4.545454545454546,7.2727272727272725,1.8181818181818181,4.545454545454546,13.636363636363635,2.727272727272727,2.727272727272727,5.454545454545454,0.9090909090909091,2.727272727272727,5.454545454545454,13.636363636363635,3.6363636363636362,3.6363636363636362,1.8181818181818181,8.181818181818182,6.363636363636363
100,4.0,5.0,5.0,3.0,7.000000000000001,1.0,5.0,5.0,7.000000000000001,5.0,4.0,5.0,7.000000000000001,4.0,16.0,2.0,6.0,2.0,5.0,2.0
149,1.342281879194631,2.684563758389262,2.684563758389262,7.38255033557047,3.3557046979865772,1.342281879194631,3.3557046979865772,8.724832214765101,2.013422818791946,4.026845637583892,6.0402684563758395,4.026845637583892,8.724832214765101,4.697986577181208,14.093959731543624,5.369127516778524,4.026845637583892,4.026845637583892,9.395973154362416,2.684563758389262
133,3.7593984962406015,0.7518796992481203,3.7593984962406015,6.015037593984962,5.263157894736842,0.7518796992481203,3.7593984962406015,10.526315789473683,1.5037593984962405,3.7593984962406015,4.511278195488721,5.263157894736842,8.270676691729323,7.518796992481203,10.526315789473683,4.511278195488721,5.263157894736842,2.2556390977443606,6.7669172932330826,5.263157894736842
130,3.8461538461538463,3.8461538461538463,2.307692307692308,1.5384615384615385,4.615384615384616,0.0,3.8461538461538463,13.076923076923078,3.8461538461538463,3.076923076923077,4.615384615384616,6.923076923076923,7.6923076923076925,6.923076923076923,9.230769230769232,3.076923076923077,10.76923076923077,0.7692307692307693,6.923076923076923,3.076923076923077
182,3.296703296703297,4.945054945054945,11.538461538461538,12.637362637362637,1.6483516483516485,1.6483516483516485,3.8461538461538463,7.6923076923076925,2.197802197802198,6.043956043956044,3.8461538461538463,7.6923076923076925,9.340659340659341,2.197802197802198,5.4945054945054945,1.098901098901099,2.197802197802198,1.098901098901099,8.791208791208792,2.7472527472527473
101,1.9801980198019802,0.0,0.9900990099009901,2.9702970297029703,8.91089108910891,1.9801980198019802,8.91089108910891,12.871287128712872,4.9504950495049505,0.0,9.900990099009901,1.9801980198019802,7.920792079207921,4.9504950495049505,9.900990099009901,1.9801980198019802,6.9306930693069315,4.9504950495049505,2.9702970297029703,4.9504950495049505
111,3.6036036036036037,3.6036036036036037,3.6036036036036037,4.504504504504505,4.504504504504505,0.9009009009009009,3.6036036036036037,9.90990990990991,0.9009009009009009,0.9009009009009009,4.504504504504505,0.9009009009009009,9.90990990990991,1.8018018018018018,14.414414414414415,4.504504504504505,8.108108108108109,5.405405405405405,13.513513513513514,0.9009009009009009
103,2.912621359223301,5.825242718446602,3.8834951456310676,9.70873786407767,3.8834951456310676,0.0,5.825242718446602,8.737864077669903,3.8834951456310676,2.912621359223301,2.912621359223301,4.854368932038835,9.70873786407767,8.737864077669903,7.766990291262135,1.9417475728155338,2.912621359223301,3.8834951456310676,4.854368932038835,4.854368932038835
163,4.9079754601226995,3.6809815950920246,6.134969325153374,0.6134969325153374,8.588957055214724,1.2269938650306749,9.815950920245399,7.975460122699387,1.8404907975460123,6.748466257668712,9.815950920245399,5.521472392638037,5.521472392638037,3.067484662576687,8.588957055214724,3.067484662576687,4.294478527607362,1.8404907975460123,6.748466257668712,0.0
103,0.9708737864077669,1.9417475728155338,0.9708737864077669,3.8834951456310676,3.8834951456310676,3.8834951456310676,10.679611650485436,12.62135922330097,1.9417475728155338,3.8834951456310676,0.9708737864077669,1.9417475728155338,10.679611650485436,2.912621359223301,12.62135922330097,0.0,7.766990291262135,1.9417475728155338,13.592233009708737,2.912621359223301
104,4.807692307692308,4.807692307692308,1.9230769230769231,5.769230769230769,4.807692307692308,1.9230769230769231,5.769230769230769,6.730769230769231,1.9230769230769231,3.8461538461538463,4.807692307692308,6.730769230769231,8.653846153846153,6.730769230769231,6.730769230769231,2.8846153846153846,4.807692307692308,2.8846153846153846,10.576923076923077,2.8846153846153846
105,1.9047619047619049,3.8095238095238098,3.8095238095238098,9.523809523809524,7.6190476190476195,0.9523809523809524,2.857142857142857,4.761904761904762,1.9047619047619049,2.857142857142857,1.9047619047619049,10.476190476190476,8.571428571428571,8.571428571428571,12.380952380952381,2.857142857142857,4.761904761904762,0.9523809523809524,6.666666666666667,2.857142857142857
123,0.8130081300813009,5.691056910569105,2.4390243902439024,9.75609756097561,5.691056910569105,0.0,2.4390243902439024,11.38211382113821,3.2520325203252036,3.2520325203252036,2.4390243902439024,4.878048780487805,10.569105691056912,4.0650406504065035,11.38211382113821,3.2520325203252036,4.0650406504065035,0.8130081300813009,11.38211382113821,2.4390243902439024
104,1.9230769230769231,0.9615384615384616,2.8846153846153846,8.653846153846153,5.769230769230769,1.9230769230769231,4.807692307692308,6.730769230769231,0.9615384615384616,4.807692307692308,3.8461538461538463,1.9230769230769231,8.653846153846153,2.8846153846153846,12.5,2.8846153846153846,7.6923076923076925,2.8846153846153846,13.461538461538462,3.8461538461538463
157,1.910828025477707,3.821656050955414,5.7324840764331215,5.095541401273886,6.369426751592357,2.547770700636943,7.006369426751593,6.369426751592357,3.821656050955414,1.910828025477707,6.369426751592357,5.095541401273886,7.643312101910828,10.828025477707007,10.191082802547772,1.2738853503184715,3.1847133757961785,0.6369426751592357,7.006369426751593,3.1847133757961785
114,1.7543859649122806,2.631578947368421,3.508771929824561,3.508771929824561,2.631578947368421,1.7543859649122806,2.631578947368421,5.263157894736842,4.385964912280701,7.017543859649122,0.0,5.263157894736842,17.543859649122805,11.403508771929824,10.526315789473683,2.631578947368421,1.7543859649122806,1.7543859649122806,9.649122807017543,4.385964912280701
136,0.0,3.6764705882352944,5.147058823529411,8.823529411764707,1.4705882352941175,2.941176470588235,3.6764705882352944,4.411764705882353,5.88235294117647,8.088235294117647,7.352941176470589,3.6764705882352944,7.352941176470589,9.558823529411764,9.558823529411764,5.88235294117647,2.941176470588235,2.2058823529411766,5.147058823529411,2.2058823529411766
117,1.7094017094017095,4.273504273504273,4.273504273504273,5.128205128205128,3.418803418803419,0.0,8.547008547008547,5.982905982905983,3.418803418803419,0.8547008547008548,8.547008547008547,5.128205128205128,5.128205128205128,1.7094017094017095,16.23931623931624,1.7094017094017095,7.6923076923076925,4.273504273504273,8.547008547008547,3.418803418803419
117,5.982905982905983,5.128205128205128,3.418803418803419,6.837606837606838,6.837606837606838,0.0,5.982905982905983,9.401709401709402,4.273504273504273,2.564102564102564,5.128205128205128,3.418803418803419,10.256410256410255,6.837606837606838,11.965811965811966,2.564102564102564,0.8547008547008548,3.418803418803419,2.564102564102564,2.564102564102564
110,3.6363636363636362,4.545454545454546,9.090909090909092,2.727272727272727,4.545454545454546,2.727272727272727,5.454545454545454,6.363636363636363,0.0,4.545454545454546,4.545454545454546,6.363636363636363,5.454545454545454,10.909090909090908,8.181818181818182,2.727272727272727,4.545454545454546,3.6363636363636362,6.363636363636363,3.6363636363636362
104,4.807692307692308,0.9615384615384616,2.8846153846153846,7.6923076923076925,5.769230769230769,0.9615384615384616,1.9230769230769231,5.769230769230769,1.9230769230769231,1.9230769230769231,0.9615384615384616,1.9230769230769231,12.5,2.8846153846153846,23.076923076923077,0.9615384615384616,7.6923076923076925,1.9230769230769231,10.576923076923077,2.8846153846153846
110,3.6363636363636362,3.6363636363636362,1.8181818181818181,4.545454545454546,5.454545454545454,0.9090909090909091,6.363636363636363,8.181818181818182,5.454545454545454,1.8181818181818181,6.363636363636363,3.6363636363636362,10.0,6.363636363636363,14.545454545454545,0.9090909090909091,2.727272727272727,3.6363636363636362,5.454545454545454,4.545454545454546
133,2.2556390977443606,3.7593984962406015,2.2556390977443606,7.518796992481203,3.7593984962406015,0.0,2.2556390977443606,8.270676691729323,2.2556390977443606,3.007518796992481,6.7669172932330826,2.2556390977443606,14.285714285714285,3.007518796992481,8.270676691729323,5.263157894736842,3.7593984962406015,1.5037593984962405,13.533834586466165,6.015037593984962
137,8.75912408759124,2.18978102189781,4.37956204379562,1.4598540145985401,11.678832116788321,0.0,13.138686131386862,6.569343065693431,1.4598540145985401,4.37956204379562,2.9197080291970803,3.64963503649635,5.109489051094891,5.109489051094891,14.5985401459854,1.4598540145985401,2.9197080291970803,0.7299270072992701,7.2992700729927,2.18978102189781
137,2.9197080291970803,2.18978102189781,5.109489051094891,4.37956204379562,5.839416058394161,0.7299270072992701,7.2992700729927,3.64963503649635,2.9197080291970803,9.48905109489051,5.109489051094891,7.2992700729927,11.678832116788321,7.2992700729927,8.02919708029197,4.37956204379562,1.4598540145985401,5.109489051094891,5.109489051094891,0.0
123,1.6260162601626018,1.6260162601626018,4.0650406504065035,4.0650406504065035,0.8130081300813009,0.8130081300813009,4.0650406504065035,3.2520325203252036,1.6260162601626018,5.691056910569105,8.130081300813007,6.504065040650407,14.634146341463413,8.94308943089431,12.195121951219512,4.0650406504065035,1.6260162601626018,1.6260162601626018,11.38211382113821,3.2520325203252036
147,1.3605442176870748,6.802721088435375,4.081632653061225,4.081632653061225,7.482993197278912,2.7210884353741496,3.4013605442176873,4.761904761904762,4.081632653061225,4.761904761904762,5.442176870748299,4.081632653061225,6.802721088435375,6.802721088435375,7.482993197278912,4.081632653061225,4.081632653061225,1.3605442176870748,10.204081632653061,6.122448979591836
109,0.0,1.834862385321101,7.339449541284404,12.844036697247708,2.7522935779816518,1.834862385321101,3.669724770642202,2.7522935779816518,3.669724770642202,3.669724770642202,6.422018348623854,5.5045871559633035,13.761467889908257,10.091743119266056,6.422018348623854,3.669724770642202,2.7522935779816518,3.669724770642202,6.422018348623854,0.9174311926605505
153,3.9215686274509802,2.6143790849673203,4.57516339869281,4.57516339869281,7.8431372549019605,0.0,5.228758169934641,5.228758169934641,2.6143790849673203,3.2679738562091507,12.418300653594772,7.18954248366013,5.88235294117647,3.9215686274509802,10.457516339869281,3.9215686274509802,5.88235294117647,2.6143790849673203,7.18954248366013,0.6535947712418301
101,2.9702970297029703,2.9702970297029703,1.9801980198019802,1.9801980198019802,3.9603960396039604,0.9900990099009901,2.9702970297029703,12.871287128712872,1.9801980198019802,7.920792079207921,1.9801980198019802,2.9702970297029703,7.920792079207921,6.9306930693069315,9.900990099009901,3.9603960396039604,7.920792079207921,3.9603960396039604,10.891089108910892,2.9702970297029703
135,0.0,5.9259259259259265,2.2222222222222223,11.11111111111111,5.185185185185185,0.7407407407407408,2.9629629629629632,7.4074074074074066,3.7037037037037033,2.2222222222222223,3.7037037037037033,3.7037037037037033,9.62962962962963,6.666666666666667,18.51851851851852,1.4814814814814816,5.185185185185185,1.4814814814814816,5.185185185185185,2.9629629629629632
126,1.5873015873015872,3.1746031746031744,10.317460317460316,4.761904761904762,5.555555555555555,3.968253968253968,11.11111111111111,8.73015873015873,1.5873015873015872,3.968253968253968,2.380952380952381,4.761904761904762,7.936507936507936,3.968253968253968,6.349206349206349,3.1746031746031744,3.1746031746031744,6.349206349206349,3.1746031746031744,3.968253968253968
130,1.5384615384615385,4.615384615384616,2.307692307692308,9.230769230769232,7.6923076923076925,3.076923076923077,5.384615384615385,9.230769230769232,3.076923076923077,3.076923076923077,5.384615384615385,2.307692307692308,8.461538461538462,3.8461538461538463,12.307692307692308,3.076923076923077,5.384615384615385,2.307692307692308,4.615384615384616,3.076923076923077
145,1.3793103448275863,2.0689655172413794,4.137931034482759,7.586206896551724,3.4482758620689653,1.3793103448275863,2.0689655172413794,8.275862068965518,0.0,6.896551724137931,7.586206896551724,5.517241379310345,16.551724137931036,4.137931034482759,9.655172413793103,1.3793103448275863,4.137931034482759,1.3793103448275863,6.206896551724138,6.206896551724138
107,0.0,3.7383177570093453,2.803738317757009,1.8691588785046727,3.7383177570093453,0.0,2.803738317757009,14.953271028037381,5.607476635514018,3.7383177570093453,2.803738317757009,2.803738317757009,6.5420560747663545,3.7383177570093453,24.299065420560748,3.7383177570093453,3.7383177570093453,2.803738317757009,7.476635514018691,2.803738317757009
117,2.564102564102564,3.418803418803419,3.418803418803419,5.982905982905983,7.6923076923076925,0.0,5.982905982905983,9.401709401709402,6.837606837606838,1.7094017094017095,10.256410256410255,0.8547008547008548,9.401709401709402,5.128205128205128,7.6923076923076925,2.564102564102564,4.273504273504273,1.7094017094017095,10.256410256410255,0.8547008547008548
164,0.0,3.6585365853658534,4.2682926829268295,3.048780487804878,3.048780487804878,2.4390243902439024,4.2682926829268295,4.2682926829268295,3.6585365853658534,8.536585365853659,6.097560975609756,4.878048780487805,8.536585365853659,7.317073170731707,10.975609756097562,3.048780487804878,4.2682926829268295,1.8292682926829267,12.804878048780488,3.048780487804878
192,4.166666666666666,2.083333333333333,4.6875,2.604166666666667,2.083333333333333,0.0,4.6875,9.375,3.6458333333333335,4.6875,6.770833333333333,5.208333333333334,24.479166666666664,2.083333333333333,7.8125,2.604166666666667,3.6458333333333335,1.5625,5.729166666666666,2.083333333333333
101,0.9900990099009901,0.9900990099009901,0.9900990099009901,1.9801980198019802,0.9900990099009901,0.9900990099009901,4.9504950495049505,3.9603960396039604,0.9900990099009901,7.920792079207921,4.9504950495049505,4.9504950495049505,12.871287128712872,2.9702970297029703,21.782178217821784,3.9603960396039604,1.9801980198019802,0.9900990099009901,17.82178217821782,2.9702970297029703
145,1.3793103448275863,5.517241379310345,5.517241379310345,8.275862068965518,4.137931034482759,2.0689655172413794,6.206896551724138,6.206896551724138,2.7586206896551726,4.827586206896552,6.206896551724138,3.4482758620689653,5.517241379310345,3.4482758620689653,11.724137931034482,4.137931034482759,4.827586206896552,6.206896551724138,5.517241379310345,2.0689655172413794
121,2.479338842975207,3.3057851239669422,4.132231404958678,1.6528925619834711,6.6115702479338845,0.8264462809917356,5.785123966942149,6.6115702479338845,1.6528925619834711,3.3057851239669422,4.132231404958678,5.785123966942149,6.6115702479338845,4.958677685950414,16.528925619834713,1.6528925619834711,8.264462809917356,0.8264462809917356,12.396694214876034,2.479338842975207
121,3.3057851239669422,8.264462809917356,5.785123966942149,5.785123966942149,4.132231404958678,3.3057851239669422,4.132231404958678,4.132231404958678,1.6528925619834711,4.958677685950414,6.6115702479338845,9.917355371900827,9.090909090909092,7.43801652892562,9.090909090909092,0.8264462809917356,1.6528925619834711,1.6528925619834711,4.958677685950414,3.3057851239669422
125,3.2,4.0,6.4,5.6000000000000005,2.4,0.8,10.4,5.6000000000000005,3.2,6.4,2.4,8.0,12.0,8.0,5.6000000000000005,1.6,1.6,6.4,4.8,1.6
100,1.0,4.0,4.0,13.0,4.0,0.0,3.0,6.0,3.0,6.0,10.0,4.0,10.0,7.000000000000001,4.0,0.0,8.0,2.0,8.0,3.0
103,2.912621359223301,4.854368932038835,2.912621359223301,5.825242718446602,1.9417475728155338,0.9708737864077669,3.8834951456310676,6.796116504854369,1.9417475728155338,0.9708737864077669,3.8834951456310676,2.912621359223301,11.650485436893204,5.825242718446602,19.41747572815534,3.8834951456310676,6.796116504854369,2.912621359223301,9.70873786407767,0.0
120,1.6666666666666667,4.166666666666666,4.166666666666666,7.5,4.166666666666666,0.0,6.666666666666667,9.166666666666666,1.6666666666666667,2.5,6.666666666666667,4.166666666666666,12.5,4.166666666666666,10.0,1.6666666666666667,5.0,1.6666666666666667,9.166666666666666,3.3333333333333335
111,2.7027027027027026,2.7027027027027026,2.7027027027027026,8.108108108108109,6.306306306306306,0.9009009009009009,3.6036036036036037,10.81081081081081,3.6036036036036037,3.6036036036036037,10.81081081081081,3.6036036036036037,4.504504504504505,9.00900900900901,6.306306306306306,4.504504504504505,3.6036036036036037,1.8018018018018018,7.207207207207207,3.6036036036036037
102,1.9607843137254901,2.941176470588235,8.823529411764707,10.784313725490197,9.803921568627452,0.0,2.941176470588235,7.8431372549019605,0.0,1.9607843137254901,7.8431372549019605,2.941176470588235,10.784313725490197,5.88235294117647,7.8431372549019605,1.9607843137254901,5.88235294117647,0.9803921568627451,7.8431372549019605,0.9803921568627451
113,0.0,6.1946902654867255,6.1946902654867255,5.3097345132743365,3.5398230088495577,2.6548672566371683,2.6548672566371683,5.3097345132743365,4.424778761061947,0.8849557522123894,7.079646017699115,4.424778761061947,8.849557522123893,6.1946902654867255,15.04424778761062,3.5398230088495577,5.3097345132743365,2.6548672566371683,6.1946902654867255,3.5398230088495577
108,5.555555555555555,6.481481481481481,5.555555555555555,2.7777777777777777,2.7777777777777777,1.8518518518518516,4.62962962962963,6.481481481481481,1.8518518518518516,2.7777777777777777,6.481481481481481,6.481481481481481,10.185185185185185,9.25925925925926,11.11111111111111,1.8518518518518516,8.333333333333332,1.8518518518518516,2.7777777777777777,0.9259259259259258
104,4.807692307692308,4.807692307692308,6.730769230769231,4.807692307692308,1.9230769230769231,0.9615384615384616,4.807692307692308,11.538461538461538,2.8846153846153846,3.8461538461538463,6.730769230769231,1.9230769230769231,12.5,3.8461538461538463,7.6923076923076925,6.730769230769231,5.769230769230769,2.8846153846153846,3.8461538461538463,0.9615384615384616
119,2.5210084033613445,3.361344537815126,5.042016806722689,3.361344537815126,3.361344537815126,0.0,6.722689075630252,3.361344537815126,5.042016806722689,11.76470588235294,5.88235294117647,2.5210084033613445,8.403361344537815,8.403361344537815,8.403361344537815,3.361344537815126,3.361344537815126,5.042016806722689,4.201680672268908,5.88235294117647
101,2.9702970297029703,3.9603960396039604,3.9603960396039604,5.9405940594059405,7.920792079207921,0.0,9.900990099009901,1.9801980198019802,0.0,2.9702970297029703,0.9900990099009901,5.9405940594059405,11.881188118811881,6.9306930693069315,12.871287128712872,2.9702970297029703,3.9603960396039604,3.9603960396039604,5.9405940594059405,4.9504950495049505
136,0.7352941176470588,2.941176470588235,5.147058823529411,4.411764705882353,0.7352941176470588,4.411764705882353,5.88235294117647,5.147058823529411,2.2058823529411766,11.029411764705882,6.61764705882353,9.558823529411764,4.411764705882353,7.352941176470589,9.558823529411764,0.0,2.941176470588235,2.941176470588235,7.352941176470589,6.61764705882353
104,2.8846153846153846,2.8846153846153846,1.9230769230769231,2.8846153846153846,3.8461538461538463,2.8846153846153846,7.6923076923076925,5.769230769230769,3.8461538461538463,4.807692307692308,1.9230769230769231,3.8461538461538463,7.6923076923076925,4.807692307692308,16.346153846153847,2.8846153846153846,8.653846153846153,1.9230769230769231,6.730769230769231,5.769230769230769
106,1.8867924528301887,3.7735849056603774,3.7735849056603774,3.7735849056603774,3.7735849056603774,0.9433962264150944,6.60377358490566,9.433962264150944,2.8301886792452833,2.8301886792452833,1.8867924528301887,5.660377358490567,14.150943396226415,3.7735849056603774,12.264150943396226,2.8301886792452833,1.8867924528301887,3.7735849056603774,10.377358490566039,3.7735849056603774
113,0.0,2.6548672566371683,4.424778761061947,8.849557522123893,4.424778761061947,0.8849557522123894,2.6548672566371683,5.3097345132743365,5.3097345132743365,4.424778761061947,2.6548672566371683,4.424778761061947,7.079646017699115,3.5398230088495577,17.699115044247787,1.7699115044247788,5.3097345132743365,3.5398230088495577,12.389380530973451,2.6548672566371683
110,2.727272727272727,0.9090909090909091,8.181818181818182,6.363636363636363,3.6363636363636362,2.727272727272727,3.6363636363636362,5.454545454545454,2.727272727272727,7.2727272727272725,5.454545454545454,7.2727272727272725,6.363636363636363,6.363636363636363,9.090909090909092,2.727272727272727,3.6363636363636362,1.8181818181818181,12.727272727272727,0.9090909090909091
139,1.4388489208633095,1.4388489208633095,5.0359712230215825,4.316546762589928,2.877697841726619,1.4388489208633095,6.474820143884892,7.194244604316546,2.877697841726619,5.0359712230215825,1.4388489208633095,10.79136690647482,6.474820143884892,9.352517985611511,10.071942446043165,4.316546762589928,2.158273381294964,2.158273381294964,10.79136690647482,4.316546762589928
125,1.6,2.4,3.2,4.0,5.6000000000000005,1.6,5.6000000000000005,7.199999999999999,4.0,3.2,5.6000000000000005,8.0,10.4,6.4,8.0,0.8,6.4,3.2,7.199999999999999,5.6000000000000005
107,1.8691588785046727,5.607476635514018,2.803738317757009,0.9345794392523363,3.7383177570093453,1.8691588785046727,4.672897196261682,2.803738317757009,3.7383177570093453,4.672897196261682,4.672897196261682,18.69158878504673,11.214953271028037,6.5420560747663545,7.476635514018691,4.672897196261682,1.8691588785046727,3.7383177570093453,3.7383177570093453,4.672897196261682
117,0.0,3.418803418803419,9.401709401709402,9.401709401709402,2.564102564102564,0.8547008547008548,6.837606837606838,5.128205128205128,4.273504273504273,3.418803418803419,3.418803418803419,5.128205128205128,8.547008547008547,14.529914529914532,5.982905982905983,1.7094017094017095,5.982905982905983,2.564102564102564,3.418803418803419,3.418803418803419
108,0.9259259259259258,1.8518518518518516,4.62962962962963,10.185185185185185,2.7777777777777777,0.0,4.62962962962963,7.4074074074074066,5.555555555555555,1.8518518518518516,7.4074074074074066,9.25925925925926,10.185185185185185,7.4074074074074066,7.4074074074074066,3.7037037037037033,1.8518518518518516,2.7777777777777777,7.4074074074074066,2.7777777777777777
120,5.0,4.166666666666666,3.3333333333333335,6.666666666666667,3.3333333333333335,1.6666666666666667,5.0,5.833333333333333,2.5,2.5,10.0,2.5,8.333333333333332,5.833333333333333,12.5,5.0,4.166666666666666,3.3333333333333335,5.833333333333333,2.5
125,16.0,22.400000000000002,0.0,6.4,4.0,0.0,8.0,3.2,0.0,0.0,4.8,4.8,4.0,4.0,13.600000000000001,0.8,0.0,4.0,1.6,2.4
110,2.727272727272727,0.9090909090909091,4.545454545454546,10.909090909090908,2.727272727272727,0.0,3.6363636363636362,6.363636363636363,4.545454545454546,1.8181818181818181,5.454545454545454,4.545454545454546,10.0,7.2727272727272725,16.363636363636363,6.363636363636363,1.8181818181818181,0.9090909090909091,7.2727272727272725,1.8181818181818181
126,1.5873015873015872,3.968253968253968,3.968253968253968,3.1746031746031744,5.555555555555555,1.5873015873015872,3.1746031746031744,4.761904761904762,3.968253968253968,3.1746031746031744,4.761904761904762,8.73015873015873,11.904761904761903,11.11111111111111,7.936507936507936,2.380952380952381,4.761904761904762,2.380952380952381,4.761904761904762,6.349206349206349
126,2.380952380952381,3.968253968253968,6.349206349206349,12.698412698412698,1.5873015873015872,0.0,6.349206349206349,7.936507936507936,4.761904761904762,1.5873015873015872,4.761904761904762,5.555555555555555,6.349206349206349,10.317460317460316,8.73015873015873,1.5873015873015872,2.380952380952381,1.5873015873015872,6.349206349206349,4.761904761904762
118,1.694915254237288,4.23728813559322,2.5423728813559325,5.932203389830509,5.084745762711865,2.5423728813559325,3.389830508474576,7.627118644067797,2.5423728813559325,6.779661016949152,6.779661016949152,7.627118644067797,5.932203389830509,13.559322033898304,8.47457627118644,2.5423728813559325,2.5423728813559325,2.5423728813559325,7.627118644067797,0.0
120,4.166666666666666,4.166666666666666,5.833333333333333,5.0,0.0,0.0,1.6666666666666667,5.0,1.6666666666666667,6.666666666666667,5.833333333333333,9.166666666666666,9.166666666666666,10.0,19.166666666666668,1.6666666666666667,0.8333333333333334,2.5,5.0,2.5
