Length,D,E,S,A,P,N,Y,Q,T,L,G,W,V,H,R,I,F,K,M,C
106,7.547169811320755,2.8301886792452833,3.7735849056603774,6.60377358490566,7.547169811320755,2.8301886792452833,1.8867924528301887,1.8867924528301887,7.547169811320755,16.9811320754717,1.8867924528301887,0.9433962264150944,6.60377358490566,0.9433962264150944,5.660377358490567,4.716981132075472,5.660377358490567,6.60377358490566,1.8867924528301887,5.660377358490567
179,3.910614525139665,5.58659217877095,6.145251396648044,8.379888268156424,3.35195530726257,3.35195530726257,2.2346368715083798,3.35195530726257,5.58659217877095,13.40782122905028,6.145251396648044,1.1173184357541899,8.379888268156424,1.1173184357541899,5.027932960893855,5.58659217877095,1.675977653631285,11.1731843575419,3.35195530726257,1.1173184357541899
159,4.40251572327044,6.289308176100629,4.40251572327044,5.660377358490567,3.1446540880503147,4.40251572327044,5.660377358490567,4.40251572327044,6.289308176100629,8.80503144654088,10.69182389937107,3.1446540880503147,3.7735849056603774,5.031446540880504,5.031446540880504,3.7735849056603774,3.1446540880503147,8.176100628930817,3.1446540880503147,0.628930817610063
81,6.172839506172839,0.0,11.11111111111111,9.876543209876543,3.7037037037037033,8.641975308641975,1.2345679012345678,2.4691358024691357,7.4074074074074066,6.172839506172839,6.172839506172839,0.0,2.4691358024691357,0.0,4.938271604938271,6.172839506172839,6.172839506172839,4.938271604938271,2.4691358024691357,9.876543209876543
87,3.4482758620689653,4.597701149425287,4.597701149425287,3.4482758620689653,6.896551724137931,3.4482758620689653,2.2988505747126435,1.1494252873563218,4.597701149425287,5.747126436781609,6.896551724137931,2.2988505747126435,8.045977011494253,3.4482758620689653,2.2988505747126435,6.896551724137931,5.747126436781609,8.045977011494253,6.896551724137931,9.195402298850574
81,3.7037037037037033,7.4074074074074066,11.11111111111111,2.4691358024691357,6.172839506172839,4.938271604938271,4.938271604938271,1.2345679012345678,2.4691358024691357,3.7037037037037033,7.4074074074074066,2.4691358024691357,3.7037037037037033,1.2345679012345678,0.0,7.4074074074074066,6.172839506172839,9.876543209876543,3.7037037037037033,9.876543209876543
76,5.263157894736842,5.263157894736842,6.578947368421052,2.631578947368421,2.631578947368421,3.9473684210526314,2.631578947368421,2.631578947368421,5.263157894736842,9.210526315789473,6.578947368421052,1.3157894736842104,9.210526315789473,2.631578947368421,1.3157894736842104,5.263157894736842,3.9473684210526314,10.526315789473683,2.631578947368421,10.526315789473683
136,4.411764705882353,3.6764705882352944,8.823529411764707,11.029411764705882,2.2058823529411766,7.352941176470589,2.2058823529411766,6.61764705882353,6.61764705882353,7.352941176470589,2.2058823529411766,1.4705882352941175,5.88235294117647,2.2058823529411766,2.941176470588235,8.088235294117647,8.823529411764707,6.61764705882353,0.7352941176470588,0.7352941176470588
80,2.5,10.0,6.25,6.25,3.75,0.0,6.25,0.0,5.0,6.25,5.0,0.0,6.25,11.25,1.25,3.75,5.0,8.75,1.25,11.25
190,3.684210526315789,5.263157894736842,12.105263157894736,6.842105263157896,2.1052631578947367,5.263157894736842,3.1578947368421053,5.263157894736842,4.2105263157894735,10.0,5.263157894736842,1.0526315789473684,4.2105263157894735,0.5263157894736842,2.631578947368421,7.368421052631578,7.894736842105263,7.894736842105263,2.1052631578947367,3.1578947368421053
61,1.639344262295082,4.918032786885246,4.918032786885246,13.114754098360656,4.918032786885246,9.836065573770492,1.639344262295082,3.278688524590164,4.918032786885246,1.639344262295082,4.918032786885246,0.0,1.639344262295082,9.836065573770492,11.475409836065573,1.639344262295082,1.639344262295082,14.754098360655737,3.278688524590164,0.0
61,1.639344262295082,4.918032786885246,4.918032786885246,13.114754098360656,4.918032786885246,9.836065573770492,1.639344262295082,3.278688524590164,4.918032786885246,1.639344262295082,4.918032786885246,0.0,1.639344262295082,9.836065573770492,11.475409836065573,1.639344262295082,1.639344262295082,14.754098360655737,3.278688524590164,0.0
70,2.857142857142857,5.714285714285714,5.714285714285714,4.285714285714286,2.857142857142857,4.285714285714286,1.4285714285714286,2.857142857142857,4.285714285714286,7.142857142857142,7.142857142857142,1.4285714285714286,7.142857142857142,1.4285714285714286,1.4285714285714286,7.142857142857142,7.142857142857142,4.285714285714286,8.571428571428571,12.857142857142856
78,7.6923076923076925,2.564102564102564,2.564102564102564,5.128205128205128,6.41025641025641,2.564102564102564,5.128205128205128,3.8461538461538463,5.128205128205128,6.41025641025641,6.41025641025641,1.282051282051282,6.41025641025641,0.0,1.282051282051282,8.974358974358974,5.128205128205128,8.974358974358974,3.8461538461538463,10.256410256410255
192,6.770833333333333,4.166666666666666,13.541666666666666,11.458333333333332,4.166666666666666,6.25,2.083333333333333,2.083333333333333,5.208333333333334,6.25,6.770833333333333,1.0416666666666665,4.166666666666666,2.604166666666667,4.6875,3.125,1.5625,10.416666666666668,3.125,0.5208333333333333
81,3.7037037037037033,2.4691358024691357,11.11111111111111,3.7037037037037033,7.4074074074074066,1.2345679012345678,2.4691358024691357,1.2345679012345678,7.4074074074074066,6.172839506172839,4.938271604938271,0.0,7.4074074074074066,0.0,6.172839506172839,8.641975308641975,3.7037037037037033,7.4074074074074066,3.7037037037037033,11.11111111111111
186,3.225806451612903,6.451612903225806,10.75268817204301,6.451612903225806,8.064516129032258,2.6881720430107525,2.1505376344086025,2.1505376344086025,7.526881720430108,8.60215053763441,8.064516129032258,0.5376344086021506,8.064516129032258,1.0752688172043012,5.376344086021505,5.376344086021505,4.838709677419355,7.526881720430108,1.0752688172043012,0.0
191,6.806282722513089,7.853403141361256,6.282722513089005,6.282722513089005,6.282722513089005,4.712041884816754,1.5706806282722512,4.712041884816754,4.18848167539267,8.37696335078534,3.1413612565445024,1.0471204188481675,7.853403141361256,1.5706806282722512,10.471204188481675,5.7591623036649215,5.2356020942408374,3.664921465968586,3.664921465968586,0.5235602094240838
57,0.0,0.0,12.280701754385964,0.0,1.7543859649122806,3.508771929824561,5.263157894736842,0.0,7.017543859649122,10.526315789473683,0.0,0.0,8.771929824561402,3.508771929824561,8.771929824561402,12.280701754385964,12.280701754385964,1.7543859649122806,1.7543859649122806,10.526315789473683
196,3.571428571428571,3.571428571428571,8.673469387755102,8.673469387755102,5.1020408163265305,3.061224489795918,2.5510204081632653,2.5510204081632653,3.571428571428571,9.693877551020408,6.122448979591836,0.0,8.16326530612245,1.530612244897959,4.081632653061225,9.183673469387756,6.122448979591836,9.183673469387756,3.061224489795918,1.530612244897959
170,5.294117647058823,2.3529411764705883,10.588235294117647,7.0588235294117645,10.0,2.3529411764705883,4.117647058823529,2.3529411764705883,6.470588235294119,7.647058823529412,7.647058823529412,1.7647058823529411,3.5294117647058822,1.1764705882352942,4.117647058823529,8.235294117647058,4.705882352941177,5.88235294117647,2.941176470588235,1.7647058823529411
147,1.3605442176870748,4.081632653061225,10.204081632653061,6.802721088435375,8.843537414965986,5.442176870748299,2.0408163265306123,4.761904761904762,6.122448979591836,10.884353741496598,5.442176870748299,0.0,2.7210884353741496,1.3605442176870748,10.884353741496598,5.442176870748299,7.482993197278912,4.761904761904762,1.3605442176870748,0.0
132,7.575757575757576,6.8181818181818175,7.575757575757576,9.848484848484848,4.545454545454546,3.0303030303030303,1.5151515151515151,1.5151515151515151,6.0606060606060606,10.606060606060606,3.0303030303030303,0.7575757575757576,4.545454545454546,3.0303030303030303,5.303030303030303,4.545454545454546,5.303030303030303,6.8181818181818175,6.0606060606060606,1.5151515151515151
59,5.084745762711865,5.084745762711865,8.47457627118644,13.559322033898304,0.0,5.084745762711865,1.694915254237288,5.084745762711865,1.694915254237288,5.084745762711865,11.864406779661017,3.389830508474576,5.084745762711865,0.0,10.16949152542373,8.47457627118644,0.0,1.694915254237288,6.779661016949152,1.694915254237288
186,4.838709677419355,4.301075268817205,10.21505376344086,7.526881720430108,3.763440860215054,4.838709677419355,3.763440860215054,4.301075268817205,4.301075268817205,11.827956989247312,9.13978494623656,0.5376344086021506,4.838709677419355,2.1505376344086025,6.451612903225806,3.763440860215054,6.989247311827956,2.1505376344086025,2.1505376344086025,2.1505376344086025
169,7.6923076923076925,4.733727810650888,13.017751479289942,4.142011834319527,5.9171597633136095,5.325443786982249,1.7751479289940828,5.325443786982249,3.5502958579881656,7.100591715976331,5.325443786982249,0.591715976331361,7.6923076923076925,1.7751479289940828,3.5502958579881656,6.508875739644971,4.142011834319527,7.6923076923076925,3.5502958579881656,0.591715976331361
161,5.590062111801243,9.937888198757763,12.422360248447205,3.1055900621118013,4.3478260869565215,6.211180124223603,1.2422360248447204,3.1055900621118013,6.211180124223603,8.695652173913043,6.832298136645963,3.1055900621118013,9.316770186335404,1.2422360248447204,4.3478260869565215,2.484472049689441,3.1055900621118013,4.968944099378882,1.8633540372670807,1.8633540372670807
80,6.25,1.25,5.0,5.0,2.5,3.75,2.5,2.5,7.5,7.5,11.25,0.0,3.75,2.5,2.5,7.5,5.0,7.5,2.5,13.750000000000002
120,7.5,7.5,8.333333333333332,5.833333333333333,3.3333333333333335,10.833333333333334,1.6666666666666667,5.0,6.666666666666667,9.166666666666666,3.3333333333333335,0.0,6.666666666666667,0.8333333333333334,10.833333333333334,1.6666666666666667,0.0,6.666666666666667,3.3333333333333335,0.8333333333333334
172,5.813953488372093,6.976744186046512,11.046511627906977,10.465116279069768,6.976744186046512,2.9069767441860463,1.744186046511628,2.3255813953488373,4.069767441860465,4.069767441860465,9.30232558139535,1.1627906976744187,6.976744186046512,2.3255813953488373,12.209302325581394,1.744186046511628,4.069767441860465,1.744186046511628,2.3255813953488373,1.744186046511628
130,4.615384615384616,13.076923076923078,11.538461538461538,3.8461538461538463,2.307692307692308,8.461538461538462,3.8461538461538463,2.307692307692308,6.153846153846154,6.923076923076923,7.6923076923076925,0.7692307692307693,2.307692307692308,0.7692307692307693,3.8461538461538463,4.615384615384616,1.5384615384615385,5.384615384615385,6.923076923076923,3.076923076923077
77,5.194805194805195,3.896103896103896,2.5974025974025974,5.194805194805195,1.2987012987012987,3.896103896103896,0.0,7.792207792207792,9.090909090909092,10.38961038961039,7.792207792207792,1.2987012987012987,7.792207792207792,1.2987012987012987,0.0,5.194805194805195,3.896103896103896,9.090909090909092,3.896103896103896,10.38961038961039
76,3.9473684210526314,3.9473684210526314,3.9473684210526314,3.9473684210526314,1.3157894736842104,5.263157894736842,1.3157894736842104,6.578947368421052,7.894736842105263,5.263157894736842,7.894736842105263,1.3157894736842104,5.263157894736842,1.3157894736842104,2.631578947368421,9.210526315789473,5.263157894736842,6.578947368421052,6.578947368421052,10.526315789473683
122,1.639344262295082,5.737704918032787,9.01639344262295,13.114754098360656,5.737704918032787,0.819672131147541,2.459016393442623,2.459016393442623,3.278688524590164,9.01639344262295,9.01639344262295,0.819672131147541,9.836065573770492,3.278688524590164,6.557377049180328,4.918032786885246,3.278688524590164,2.459016393442623,4.098360655737705,2.459016393442623
77,2.5974025974025974,7.792207792207792,6.493506493506493,5.194805194805195,3.896103896103896,2.5974025974025974,5.194805194805195,2.5974025974025974,5.194805194805195,3.896103896103896,6.493506493506493,1.2987012987012987,7.792207792207792,0.0,0.0,7.792207792207792,6.493506493506493,10.38961038961039,5.194805194805195,9.090909090909092
77,5.194805194805195,6.493506493506493,7.792207792207792,3.896103896103896,5.194805194805195,3.896103896103896,3.896103896103896,0.0,6.493506493506493,7.792207792207792,6.493506493506493,1.2987012987012987,5.194805194805195,1.2987012987012987,0.0,5.194805194805195,5.194805194805195,9.090909090909092,5.194805194805195,10.38961038961039
95,4.2105263157894735,1.0526315789473684,4.2105263157894735,4.2105263157894735,5.263157894736842,7.368421052631578,2.1052631578947367,4.2105263157894735,6.315789473684211,8.421052631578947,3.1578947368421053,1.0526315789473684,10.526315789473683,2.1052631578947367,6.315789473684211,3.1578947368421053,3.1578947368421053,9.473684210526317,3.1578947368421053,10.526315789473683
92,5.434782608695652,2.1739130434782608,1.0869565217391304,2.1739130434782608,4.3478260869565215,5.434782608695652,4.3478260869565215,4.3478260869565215,4.3478260869565215,6.521739130434782,4.3478260869565215,0.0,8.695652173913043,2.1739130434782608,8.695652173913043,4.3478260869565215,6.521739130434782,10.869565217391305,3.260869565217391,10.869565217391305
133,5.263157894736842,0.7518796992481203,16.541353383458645,6.015037593984962,3.7593984962406015,5.263157894736842,3.007518796992481,5.263157894736842,4.511278195488721,8.270676691729323,4.511278195488721,3.7593984962406015,5.263157894736842,0.0,3.7593984962406015,8.270676691729323,6.015037593984962,6.015037593984962,0.7518796992481203,3.007518796992481
83,4.819277108433735,6.024096385542169,8.433734939759036,9.63855421686747,3.614457831325301,7.228915662650602,0.0,2.4096385542168677,2.4096385542168677,9.63855421686747,7.228915662650602,0.0,6.024096385542169,0.0,6.024096385542169,4.819277108433735,7.228915662650602,3.614457831325301,3.614457831325301,7.228915662650602
85,3.5294117647058822,3.5294117647058822,8.235294117647058,7.0588235294117645,2.3529411764705883,7.0588235294117645,1.1764705882352942,5.88235294117647,7.0588235294117645,8.235294117647058,8.235294117647058,0.0,4.705882352941177,2.3529411764705883,8.235294117647058,7.0588235294117645,3.5294117647058822,3.5294117647058822,1.1764705882352942,7.0588235294117645
81,2.4691358024691357,3.7037037037037033,8.641975308641975,0.0,6.172839506172839,2.4691358024691357,0.0,6.172839506172839,3.7037037037037033,7.4074074074074066,6.172839506172839,2.4691358024691357,8.641975308641975,3.7037037037037033,3.7037037037037033,6.172839506172839,6.172839506172839,9.876543209876543,2.4691358024691357,9.876543209876543
160,3.75,11.25,8.125,2.5,0.625,6.875000000000001,2.5,3.125,3.125,7.5,5.625,1.875,6.25,0.625,5.625,5.625,8.125,5.0,5.0,6.875000000000001
96,2.083333333333333,5.208333333333334,12.5,5.208333333333334,4.166666666666666,2.083333333333333,3.125,2.083333333333333,4.166666666666666,2.083333333333333,10.416666666666668,1.0416666666666665,12.5,2.083333333333333,8.333333333333332,10.416666666666668,5.208333333333334,5.208333333333334,2.083333333333333,0.0
98,2.0408163265306123,4.081632653061225,8.16326530612245,2.0408163265306123,7.142857142857142,8.16326530612245,2.0408163265306123,1.0204081632653061,6.122448979591836,7.142857142857142,8.16326530612245,3.061224489795918,4.081632653061225,1.0204081632653061,7.142857142857142,5.1020408163265305,6.122448979591836,7.142857142857142,1.0204081632653061,9.183673469387756
77,1.2987012987012987,3.896103896103896,7.792207792207792,7.792207792207792,2.5974025974025974,2.5974025974025974,1.2987012987012987,3.896103896103896,1.2987012987012987,12.987012987012985,9.090909090909092,1.2987012987012987,6.493506493506493,3.896103896103896,0.0,2.5974025974025974,6.493506493506493,9.090909090909092,5.194805194805195,10.38961038961039
79,1.2658227848101267,5.063291139240507,7.59493670886076,7.59493670886076,3.79746835443038,3.79746835443038,2.5316455696202533,1.2658227848101267,2.5316455696202533,8.860759493670885,6.329113924050633,1.2658227848101267,10.126582278481013,3.79746835443038,0.0,2.5316455696202533,5.063291139240507,10.126582278481013,6.329113924050633,10.126582278481013
88,0.0,2.272727272727273,14.772727272727273,3.4090909090909087,1.1363636363636365,4.545454545454546,4.545454545454546,0.0,5.681818181818182,9.090909090909092,2.272727272727273,0.0,5.681818181818182,3.4090909090909087,10.227272727272728,10.227272727272728,9.090909090909092,5.681818181818182,1.1363636363636365,6.8181818181818175
100,3.0,7.000000000000001,10.0,5.0,2.0,4.0,0.0,5.0,15.0,9.0,8.0,1.0,8.0,3.0,2.0,5.0,3.0,5.0,3.0,2.0
77,2.5974025974025974,3.896103896103896,6.493506493506493,6.493506493506493,5.194805194805195,1.2987012987012987,3.896103896103896,1.2987012987012987,2.5974025974025974,7.792207792207792,9.090909090909092,0.0,1.2987012987012987,3.896103896103896,0.0,10.38961038961039,7.792207792207792,7.792207792207792,6.493506493506493,11.688311688311687
78,1.282051282051282,6.41025641025641,1.282051282051282,1.282051282051282,2.564102564102564,2.564102564102564,1.282051282051282,6.41025641025641,7.6923076923076925,11.538461538461538,8.974358974358974,0.0,2.564102564102564,0.0,5.128205128205128,6.41025641025641,7.6923076923076925,12.82051282051282,3.8461538461538463,10.256410256410255
76,2.631578947368421,6.578947368421052,5.263157894736842,6.578947368421052,2.631578947368421,1.3157894736842104,2.631578947368421,3.9473684210526314,10.526315789473683,6.578947368421052,6.578947368421052,1.3157894736842104,9.210526315789473,2.631578947368421,0.0,3.9473684210526314,1.3157894736842104,9.210526315789473,6.578947368421052,10.526315789473683
191,4.18848167539267,2.094240837696335,12.56544502617801,12.041884816753926,9.424083769633508,2.094240837696335,2.6178010471204187,1.5706806282722512,2.6178010471204187,9.424083769633508,12.041884816753926,0.0,7.329842931937172,0.5235602094240838,0.5235602094240838,4.712041884816754,3.664921465968586,3.1413612565445024,4.712041884816754,4.712041884816754
80,10.0,3.75,11.25,2.5,2.5,3.75,6.25,0.0,2.5,10.0,3.75,0.0,8.75,1.25,10.0,2.5,3.75,7.5,2.5,7.5
118,2.5423728813559325,5.084745762711865,11.016949152542372,5.084745762711865,1.694915254237288,3.389830508474576,4.23728813559322,2.5423728813559325,1.694915254237288,14.40677966101695,4.23728813559322,3.389830508474576,3.389830508474576,1.694915254237288,8.47457627118644,6.779661016949152,7.627118644067797,7.627118644067797,1.694915254237288,3.389830508474576
192,6.25,6.25,17.1875,3.6458333333333335,4.6875,5.729166666666666,3.125,3.6458333333333335,6.770833333333333,4.166666666666666,3.125,3.6458333333333335,3.6458333333333335,3.125,6.25,4.6875,3.125,6.770833333333333,2.083333333333333,2.083333333333333
122,4.918032786885246,7.377049180327869,4.918032786885246,4.918032786885246,6.557377049180328,2.459016393442623,0.819672131147541,1.639344262295082,9.01639344262295,7.377049180327869,4.918032786885246,0.819672131147541,10.655737704918032,1.639344262295082,7.377049180327869,7.377049180327869,1.639344262295082,11.475409836065573,2.459016393442623,1.639344262295082
80,3.75,3.75,11.25,5.0,5.0,5.0,6.25,2.5,6.25,7.5,6.25,0.0,6.25,1.25,0.0,6.25,5.0,7.5,1.25,10.0
90,5.555555555555555,3.3333333333333335,8.88888888888889,2.2222222222222223,2.2222222222222223,7.777777777777778,6.666666666666667,1.1111111111111112,5.555555555555555,2.2222222222222223,2.2222222222222223,0.0,3.3333333333333335,4.444444444444445,6.666666666666667,10.0,8.88888888888889,7.777777777777778,2.2222222222222223,8.88888888888889
122,9.01639344262295,8.19672131147541,4.918032786885246,9.01639344262295,4.098360655737705,1.639344262295082,4.918032786885246,3.278688524590164,5.737704918032787,3.278688524590164,7.377049180327869,1.639344262295082,7.377049180327869,0.0,6.557377049180328,7.377049180327869,4.098360655737705,9.836065573770492,1.639344262295082,0.0
112,0.8928571428571428,6.25,4.464285714285714,6.25,3.571428571428571,1.7857142857142856,0.8928571428571428,1.7857142857142856,8.035714285714286,8.035714285714286,9.821428571428571,0.0,7.142857142857142,1.7857142857142856,13.392857142857142,3.571428571428571,1.7857142857142856,17.857142857142858,2.6785714285714284,0.0
146,4.794520547945205,6.164383561643835,20.54794520547945,4.10958904109589,4.794520547945205,4.10958904109589,6.164383561643835,3.4246575342465753,6.164383561643835,4.10958904109589,8.21917808219178,1.36986301369863,2.73972602739726,2.73972602739726,3.4246575342465753,2.054794520547945,3.4246575342465753,10.273972602739725,0.684931506849315,0.684931506849315
165,7.2727272727272725,3.6363636363636362,5.454545454545454,4.242424242424243,2.4242424242424243,6.666666666666667,4.242424242424243,1.8181818181818181,4.848484848484849,9.696969696969697,4.848484848484849,3.6363636363636362,4.848484848484849,4.848484848484849,6.666666666666667,6.666666666666667,8.484848484848486,3.6363636363636362,2.4242424242424243,3.6363636363636362
199,1.0050251256281406,6.030150753768844,13.5678391959799,9.547738693467336,4.522613065326634,2.0100502512562812,4.522613065326634,4.0201005025125625,6.030150753768844,5.527638190954774,6.030150753768844,0.0,5.527638190954774,4.0201005025125625,2.512562814070352,2.512562814070352,5.025125628140704,10.552763819095476,1.0050251256281406,6.030150753768844
199,1.0050251256281406,6.030150753768844,13.5678391959799,9.547738693467336,4.522613065326634,2.0100502512562812,4.522613065326634,4.0201005025125625,6.030150753768844,5.527638190954774,6.030150753768844,0.0,5.527638190954774,4.0201005025125625,2.512562814070352,2.512562814070352,5.025125628140704,10.552763819095476,1.0050251256281406,6.030150753768844
194,4.639175257731959,4.123711340206185,10.824742268041238,7.731958762886598,8.762886597938143,3.608247422680412,2.0618556701030926,3.608247422680412,4.639175257731959,8.24742268041237,7.216494845360824,0.5154639175257731,8.24742268041237,1.5463917525773196,3.608247422680412,4.123711340206185,2.5773195876288657,8.762886597938143,2.0618556701030926,3.0927835051546393
188,3.723404255319149,1.0638297872340425,10.638297872340425,6.914893617021277,3.723404255319149,2.6595744680851063,1.5957446808510638,2.6595744680851063,5.319148936170213,13.829787234042554,7.446808510638298,1.5957446808510638,5.319148936170213,1.5957446808510638,5.851063829787234,6.382978723404255,7.446808510638298,7.446808510638298,2.6595744680851063,2.127659574468085
139,3.597122302158273,6.474820143884892,8.633093525179856,7.913669064748201,7.194244604316546,0.7194244604316548,1.4388489208633095,2.158273381294964,6.474820143884892,9.352517985611511,1.4388489208633095,2.158273381294964,6.474820143884892,2.158273381294964,10.071942446043165,5.755395683453238,6.474820143884892,2.877697841726619,2.877697841726619,5.755395683453238
74,4.054054054054054,1.3513513513513513,2.7027027027027026,2.7027027027027026,0.0,6.756756756756757,2.7027027027027026,8.108108108108109,9.45945945945946,10.81081081081081,6.756756756756757,0.0,5.405405405405405,2.7027027027027026,2.7027027027027026,6.756756756756757,5.405405405405405,6.756756756756757,4.054054054054054,10.81081081081081
77,3.896103896103896,3.896103896103896,5.194805194805195,2.5974025974025974,2.5974025974025974,3.896103896103896,2.5974025974025974,3.896103896103896,10.38961038961039,7.792207792207792,6.493506493506493,1.2987012987012987,5.194805194805195,0.0,2.5974025974025974,5.194805194805195,3.896103896103896,12.987012987012985,5.194805194805195,10.38961038961039
75,4.0,2.666666666666667,5.333333333333334,5.333333333333334,2.666666666666667,4.0,1.3333333333333335,2.666666666666667,9.333333333333334,6.666666666666667,5.333333333333334,1.3333333333333335,5.333333333333334,0.0,4.0,4.0,6.666666666666667,12.0,6.666666666666667,10.666666666666668
76,3.9473684210526314,7.894736842105263,2.631578947368421,3.9473684210526314,1.3157894736842104,2.631578947368421,3.9473684210526314,5.263157894736842,14.473684210526317,7.894736842105263,7.894736842105263,0.0,9.210526315789473,2.631578947368421,0.0,5.263157894736842,1.3157894736842104,3.9473684210526314,5.263157894736842,10.526315789473683
56,0.0,3.571428571428571,10.714285714285714,5.357142857142857,0.0,1.7857142857142856,5.357142857142857,5.357142857142857,3.571428571428571,19.642857142857142,1.7857142857142856,0.0,3.571428571428571,1.7857142857142856,10.714285714285714,8.928571428571429,8.928571428571429,5.357142857142857,1.7857142857142856,1.7857142857142856
191,2.6178010471204187,5.2356020942408374,9.424083769633508,6.282722513089005,3.664921465968586,4.712041884816754,3.664921465968586,1.0471204188481675,1.5706806282722512,13.612565445026178,3.664921465968586,0.5235602094240838,6.806282722513089,2.6178010471204187,5.7591623036649215,10.99476439790576,6.282722513089005,4.712041884816754,2.6178010471204187,4.18848167539267
83,3.614457831325301,3.614457831325301,7.228915662650602,8.433734939759036,7.228915662650602,4.819277108433735,2.4096385542168677,2.4096385542168677,7.228915662650602,1.2048192771084338,10.843373493975903,3.614457831325301,6.024096385542169,0.0,3.614457831325301,10.843373493975903,6.024096385542169,8.433734939759036,2.4096385542168677,0.0
178,2.8089887640449436,3.932584269662921,6.741573033707865,11.797752808988763,6.179775280898876,2.8089887640449436,1.6853932584269662,6.179775280898876,10.112359550561797,6.741573033707865,7.865168539325842,1.1235955056179776,3.3707865168539324,2.247191011235955,12.921348314606742,3.3707865168539324,2.247191011235955,4.49438202247191,2.8089887640449436,0.5617977528089888
177,5.649717514124294,12.994350282485875,2.2598870056497176,6.214689265536723,10.16949152542373,2.2598870056497176,3.389830508474576,3.389830508474576,3.954802259887006,6.214689265536723,6.779661016949152,0.5649717514124294,7.909604519774012,1.694915254237288,1.1299435028248588,3.954802259887006,0.0,18.07909604519774,2.2598870056497176,1.1299435028248588
138,7.246376811594203,13.043478260869565,9.420289855072465,1.4492753623188406,8.695652173913043,5.072463768115942,2.898550724637681,2.898550724637681,5.072463768115942,1.4492753623188406,1.4492753623188406,0.7246376811594203,10.144927536231885,5.072463768115942,7.971014492753622,2.1739130434782608,5.797101449275362,5.797101449275362,2.1739130434782608,1.4492753623188406
187,7.4866310160427805,5.88235294117647,9.090909090909092,6.951871657754011,6.417112299465241,4.81283422459893,2.6737967914438503,2.6737967914438503,4.27807486631016,9.090909090909092,3.2085561497326207,0.53475935828877,2.13903743315508,1.06951871657754,8.02139037433155,9.090909090909092,6.951871657754011,7.4866310160427805,2.13903743315508,0.0
80,5.0,3.75,7.5,6.25,1.25,3.75,0.0,3.75,6.25,10.0,5.0,0.0,5.0,2.5,6.25,6.25,8.75,5.0,3.75,10.0
177,6.214689265536723,5.649717514124294,17.51412429378531,3.954802259887006,5.084745762711865,5.084745762711865,1.694915254237288,2.2598870056497176,3.954802259887006,3.389830508474576,9.6045197740113,1.1299435028248588,4.519774011299435,2.2598870056497176,10.16949152542373,5.084745762711865,1.694915254237288,7.909604519774012,1.694915254237288,1.1299435028248588
151,3.9735099337748347,5.960264900662252,5.960264900662252,6.622516556291391,7.28476821192053,1.9867549668874174,1.9867549668874174,1.3245033112582782,3.9735099337748347,7.28476821192053,7.28476821192053,0.0,7.28476821192053,2.6490066225165565,8.609271523178808,7.28476821192053,5.298013245033113,11.258278145695364,3.9735099337748347,0.0
73,5.47945205479452,4.10958904109589,6.8493150684931505,1.36986301369863,1.36986301369863,6.8493150684931505,4.10958904109589,0.0,8.21917808219178,6.8493150684931505,5.47945205479452,1.36986301369863,9.58904109589041,2.73972602739726,6.8493150684931505,5.47945205479452,5.47945205479452,4.10958904109589,2.73972602739726,10.95890410958904
200,4.0,8.5,4.0,9.0,7.5,3.0,3.0,3.5000000000000004,5.0,7.5,4.0,0.5,9.0,1.5,7.000000000000001,2.0,5.5,10.0,5.0,0.5
136,4.411764705882353,7.352941176470589,7.352941176470589,8.823529411764707,2.941176470588235,6.61764705882353,0.0,3.6764705882352944,5.88235294117647,5.147058823529411,13.23529411764706,2.941176470588235,6.61764705882353,2.941176470588235,5.147058823529411,2.2058823529411766,4.411764705882353,7.352941176470589,2.2058823529411766,0.7352941176470588
170,7.0588235294117645,4.705882352941177,12.941176470588237,2.3529411764705883,2.941176470588235,5.88235294117647,2.3529411764705883,2.941176470588235,4.117647058823529,11.76470588235294,1.7647058823529411,0.5882352941176471,2.3529411764705883,2.941176470588235,8.823529411764707,4.705882352941177,6.470588235294119,7.647058823529412,5.294117647058823,2.3529411764705883
185,7.027027027027027,8.108108108108109,5.405405405405405,6.486486486486487,5.405405405405405,4.864864864864865,3.2432432432432434,1.6216216216216217,9.72972972972973,5.9459459459459465,8.108108108108109,1.6216216216216217,3.783783783783784,2.1621621621621623,4.324324324324325,4.864864864864865,6.486486486486487,7.027027027027027,3.2432432432432434,0.5405405405405406
88,5.681818181818182,1.1363636363636365,6.8181818181818175,4.545454545454546,4.545454545454546,6.8181818181818175,2.272727272727273,5.681818181818182,3.4090909090909087,7.954545454545454,5.681818181818182,0.0,6.8181818181818175,1.1363636363636365,5.681818181818182,3.4090909090909087,5.681818181818182,6.8181818181818175,5.681818181818182,10.227272727272728
166,3.0120481927710845,7.228915662650602,10.843373493975903,2.4096385542168677,5.421686746987952,4.216867469879518,4.216867469879518,3.614457831325301,4.216867469879518,9.036144578313253,6.024096385542169,1.2048192771084338,7.83132530120482,4.216867469879518,6.024096385542169,4.216867469879518,6.626506024096386,3.0120481927710845,4.216867469879518,2.4096385542168677
109,1.834862385321101,1.834862385321101,9.174311926605505,8.256880733944955,4.587155963302752,0.9174311926605505,1.834862385321101,3.669724770642202,6.422018348623854,10.091743119266056,4.587155963302752,0.9174311926605505,5.5045871559633035,0.9174311926605505,7.339449541284404,3.669724770642202,1.834862385321101,9.174311926605505,3.669724770642202,13.761467889908257
184,5.978260869565218,5.978260869565218,6.521739130434782,10.869565217391305,3.260869565217391,4.3478260869565215,2.717391304347826,3.804347826086957,7.065217391304348,7.608695652173914,11.41304347826087,1.0869565217391304,8.152173913043478,0.5434782608695652,3.260869565217391,3.804347826086957,4.3478260869565215,6.521739130434782,1.0869565217391304,1.6304347826086956
103,3.8834951456310676,3.8834951456310676,5.825242718446602,6.796116504854369,7.766990291262135,3.8834951456310676,3.8834951456310676,3.8834951456310676,5.825242718446602,5.825242718446602,1.9417475728155338,0.9708737864077669,5.825242718446602,1.9417475728155338,5.825242718446602,6.796116504854369,5.825242718446602,4.854368932038835,0.9708737864077669,13.592233009708737
72,6.944444444444445,2.7777777777777777,6.944444444444445,4.166666666666666,2.7777777777777777,8.333333333333332,2.7777777777777777,0.0,9.722222222222223,5.555555555555555,1.3888888888888888,0.0,5.555555555555555,4.166666666666666,5.555555555555555,6.944444444444445,4.166666666666666,6.944444444444445,4.166666666666666,11.11111111111111
78,2.564102564102564,2.564102564102564,2.564102564102564,8.974358974358974,5.128205128205128,3.8461538461538463,1.282051282051282,3.8461538461538463,8.974358974358974,14.102564102564102,6.41025641025641,2.564102564102564,3.8461538461538463,2.564102564102564,7.6923076923076925,2.564102564102564,5.128205128205128,7.6923076923076925,2.564102564102564,5.128205128205128
78,2.564102564102564,8.974358974358974,5.128205128205128,7.6923076923076925,1.282051282051282,6.41025641025641,0.0,0.0,10.256410256410255,7.6923076923076925,5.128205128205128,0.0,10.256410256410255,1.282051282051282,3.8461538461538463,5.128205128205128,2.564102564102564,7.6923076923076925,3.8461538461538463,10.256410256410255
119,5.042016806722689,2.5210084033613445,9.243697478991598,3.361344537815126,6.722689075630252,9.243697478991598,2.5210084033613445,5.042016806722689,3.361344537815126,7.563025210084033,9.243697478991598,0.0,6.722689075630252,0.8403361344537815,2.5210084033613445,2.5210084033613445,0.8403361344537815,6.722689075630252,3.361344537815126,12.605042016806722
78,2.564102564102564,5.128205128205128,6.41025641025641,7.6923076923076925,7.6923076923076925,5.128205128205128,3.8461538461538463,2.564102564102564,6.41025641025641,3.8461538461538463,3.8461538461538463,1.282051282051282,6.41025641025641,0.0,6.41025641025641,7.6923076923076925,3.8461538461538463,1.282051282051282,7.6923076923076925,10.256410256410255
174,4.597701149425287,8.045977011494253,5.747126436781609,3.4482758620689653,7.471264367816093,4.022988505747127,1.7241379310344827,5.747126436781609,1.7241379310344827,9.195402298850574,6.896551724137931,0.5747126436781609,9.195402298850574,4.597701149425287,3.4482758620689653,6.321839080459771,4.597701149425287,5.172413793103448,4.022988505747127,3.4482758620689653
83,2.4096385542168677,4.819277108433735,9.63855421686747,3.614457831325301,2.4096385542168677,1.2048192771084338,2.4096385542168677,0.0,8.433734939759036,6.024096385542169,8.433734939759036,0.0,9.63855421686747,2.4096385542168677,2.4096385542168677,8.433734939759036,7.228915662650602,7.228915662650602,2.4096385542168677,10.843373493975903
129,6.976744186046512,9.30232558139535,7.751937984496124,6.2015503875969,5.426356589147287,6.2015503875969,1.550387596899225,4.651162790697675,7.751937984496124,10.077519379844961,3.875968992248062,0.0,3.10077519379845,2.3255813953488373,6.2015503875969,3.875968992248062,2.3255813953488373,7.751937984496124,3.875968992248062,0.7751937984496124
144,8.333333333333332,12.5,4.166666666666666,7.638888888888889,2.083333333333333,4.166666666666666,2.7777777777777777,6.25,2.083333333333333,9.027777777777777,7.638888888888889,0.0,3.4722222222222223,3.4722222222222223,4.861111111111112,4.861111111111112,0.6944444444444444,13.88888888888889,2.083333333333333,0.0
142,9.15492957746479,12.676056338028168,9.15492957746479,11.267605633802818,4.929577464788732,4.225352112676056,2.112676056338028,0.0,3.5211267605633805,2.112676056338028,5.633802816901409,0.7042253521126761,5.633802816901409,0.0,3.5211267605633805,0.7042253521126761,3.5211267605633805,19.718309859154928,1.4084507042253522,0.0
147,2.7210884353741496,5.442176870748299,6.802721088435375,10.884353741496598,4.081632653061225,3.4013605442176873,2.7210884353741496,1.3605442176870748,4.761904761904762,6.122448979591836,4.081632653061225,1.3605442176870748,6.122448979591836,0.6802721088435374,7.482993197278912,1.3605442176870748,3.4013605442176873,21.08843537414966,6.122448979591836,0.0
98,5.1020408163265305,4.081632653061225,9.183673469387756,6.122448979591836,12.244897959183673,4.081632653061225,4.081632653061225,1.0204081632653061,6.122448979591836,11.224489795918368,3.061224489795918,1.0204081632653061,5.1020408163265305,0.0,2.0408163265306123,8.16326530612245,3.061224489795918,4.081632653061225,2.0408163265306123,8.16326530612245
74,6.756756756756757,2.7027027027027026,9.45945945945946,12.162162162162163,2.7027027027027026,1.3513513513513513,1.3513513513513513,4.054054054054054,4.054054054054054,6.756756756756757,8.108108108108109,0.0,6.756756756756757,0.0,8.108108108108109,4.054054054054054,0.0,5.405405405405405,6.756756756756757,9.45945945945946
85,5.88235294117647,2.3529411764705883,8.235294117647058,10.588235294117647,4.705882352941177,1.1764705882352942,3.5294117647058822,3.5294117647058822,5.88235294117647,5.88235294117647,9.411764705882353,0.0,7.0588235294117645,1.1764705882352942,7.0588235294117645,3.5294117647058822,0.0,5.88235294117647,5.88235294117647,8.235294117647058
151,5.298013245033113,2.6490066225165565,9.933774834437086,5.298013245033113,4.635761589403973,5.298013245033113,2.6490066225165565,2.6490066225165565,5.960264900662252,7.9470198675496695,5.298013245033113,1.9867549668874174,5.298013245033113,3.3112582781456954,7.28476821192053,6.622516556291391,8.609271523178808,4.635761589403973,0.6622516556291391,3.9735099337748347
91,2.197802197802198,4.395604395604396,6.593406593406594,4.395604395604396,1.098901098901099,3.296703296703297,1.098901098901099,1.098901098901099,5.4945054945054945,6.593406593406594,27.472527472527474,2.197802197802198,9.89010989010989,1.098901098901099,3.296703296703297,2.197802197802198,8.791208791208792,2.197802197802198,4.395604395604396,2.197802197802198
81,4.938271604938271,1.2345679012345678,7.4074074074074066,3.7037037037037033,4.938271604938271,7.4074074074074066,3.7037037037037033,2.4691358024691357,1.2345679012345678,8.641975308641975,7.4074074074074066,0.0,8.641975308641975,1.2345679012345678,6.172839506172839,3.7037037037037033,6.172839506172839,8.641975308641975,2.4691358024691357,9.876543209876543
159,1.8867924528301887,3.1446540880503147,15.723270440251572,6.289308176100629,3.7735849056603774,3.1446540880503147,0.628930817610063,4.40251572327044,6.289308176100629,11.320754716981133,5.031446540880504,1.257861635220126,3.1446540880503147,2.515723270440252,6.289308176100629,9.433962264150944,3.7735849056603774,5.031446540880504,3.7735849056603774,3.1446540880503147
100,5.0,3.0,9.0,4.0,1.0,3.0,6.0,2.0,3.0,14.000000000000002,2.0,0.0,7.000000000000001,5.0,6.0,11.0,4.0,3.0,2.0,10.0
52,5.769230769230769,1.9230769230769231,1.9230769230769231,5.769230769230769,0.0,11.538461538461538,1.9230769230769231,1.9230769230769231,7.6923076923076925,3.8461538461538463,3.8461538461538463,0.0,5.769230769230769,3.8461538461538463,3.8461538461538463,15.384615384615385,1.9230769230769231,19.230769230769234,3.8461538461538463,0.0
123,3.2520325203252036,3.2520325203252036,13.821138211382115,13.008130081300814,2.4390243902439024,6.504065040650407,0.0,8.94308943089431,6.504065040650407,13.821138211382115,4.878048780487805,0.0,5.691056910569105,3.2520325203252036,4.0650406504065035,4.0650406504065035,0.0,4.0650406504065035,2.4390243902439024,0.0
179,6.70391061452514,2.793296089385475,13.966480446927374,3.910614525139665,4.4692737430167595,6.145251396648044,2.793296089385475,3.35195530726257,2.2346368715083798,10.614525139664805,6.70391061452514,1.1173184357541899,7.82122905027933,1.675977653631285,6.145251396648044,5.58659217877095,6.70391061452514,2.793296089385475,1.1173184357541899,3.35195530726257
81,4.938271604938271,1.2345679012345678,11.11111111111111,7.4074074074074066,2.4691358024691357,3.7037037037037033,2.4691358024691357,2.4691358024691357,8.641975308641975,7.4074074074074066,8.641975308641975,0.0,3.7037037037037033,0.0,3.7037037037037033,4.938271604938271,6.172839506172839,8.641975308641975,2.4691358024691357,9.876543209876543
84,4.761904761904762,5.952380952380952,16.666666666666664,10.714285714285714,2.380952380952381,4.761904761904762,2.380952380952381,1.1904761904761905,4.761904761904762,7.142857142857142,4.761904761904762,0.0,4.761904761904762,1.1904761904761905,4.761904761904762,2.380952380952381,4.761904761904762,8.333333333333332,5.952380952380952,2.380952380952381
81,1.2345679012345678,2.4691358024691357,9.876543209876543,2.4691358024691357,1.2345679012345678,9.876543209876543,6.172839506172839,2.4691358024691357,2.4691358024691357,6.172839506172839,13.580246913580247,1.2345679012345678,4.938271604938271,4.938271604938271,2.4691358024691357,3.7037037037037033,4.938271604938271,6.172839506172839,3.7037037037037033,9.876543209876543
82,1.2195121951219512,6.097560975609756,6.097560975609756,9.75609756097561,2.4390243902439024,4.878048780487805,1.2195121951219512,0.0,8.536585365853659,9.75609756097561,12.195121951219512,0.0,10.975609756097562,2.4390243902439024,1.2195121951219512,1.2195121951219512,6.097560975609756,3.6585365853658534,2.4390243902439024,9.75609756097561
82,4.878048780487805,6.097560975609756,8.536585365853659,2.4390243902439024,3.6585365853658534,1.2195121951219512,8.536585365853659,3.6585365853658534,6.097560975609756,9.75609756097561,4.878048780487805,0.0,4.878048780487805,1.2195121951219512,7.317073170731707,2.4390243902439024,6.097560975609756,3.6585365853658534,3.6585365853658534,10.975609756097562
81,3.7037037037037033,3.7037037037037033,6.172839506172839,2.4691358024691357,4.938271604938271,3.7037037037037033,2.4691358024691357,1.2345679012345678,4.938271604938271,8.641975308641975,6.172839506172839,0.0,9.876543209876543,1.2345679012345678,2.4691358024691357,7.4074074074074066,7.4074074074074066,11.11111111111111,2.4691358024691357,9.876543209876543
