Length,Y,L,F,S,D,E,H,W,N,T,I,Q,G,R,C,P,V,M,A,K
186,4.838709677419355,11.29032258064516,4.301075268817205,10.21505376344086,4.301075268817205,4.301075268817205,1.0752688172043012,1.6129032258064515,3.225806451612903,3.225806451612903,4.301075268817205,2.6881720430107525,8.60215053763441,5.376344086021505,0.5376344086021506,4.838709677419355,9.13978494623656,2.1505376344086025,9.13978494623656,4.838709677419355
155,3.225806451612903,6.451612903225806,1.935483870967742,2.5806451612903225,5.806451612903226,3.225806451612903,3.225806451612903,0.0,3.870967741935484,5.806451612903226,7.096774193548387,1.935483870967742,1.935483870967742,6.451612903225806,0.0,7.096774193548387,7.096774193548387,1.2903225806451613,11.612903225806452,19.35483870967742
134,0.7462686567164178,11.194029850746269,2.9850746268656714,8.955223880597014,5.223880597014925,11.194029850746269,0.7462686567164178,1.4925373134328357,0.7462686567164178,5.223880597014925,3.731343283582089,6.7164179104477615,7.462686567164178,5.223880597014925,0.7462686567164178,6.7164179104477615,5.223880597014925,5.970149253731343,7.462686567164178,2.2388059701492535
182,3.8461538461538463,6.593406593406594,4.395604395604396,8.791208791208792,6.043956043956044,9.340659340659341,0.0,0.5494505494505495,3.296703296703297,3.296703296703297,6.593406593406594,4.945054945054945,7.6923076923076925,4.945054945054945,2.197802197802198,3.296703296703297,9.340659340659341,3.296703296703297,5.4945054945054945,6.043956043956044
145,4.137931034482759,9.655172413793103,3.4482758620689653,4.827586206896552,3.4482758620689653,6.206896551724138,2.7586206896551726,0.0,2.0689655172413794,4.827586206896552,4.137931034482759,5.517241379310345,6.896551724137931,10.344827586206897,0.0,5.517241379310345,6.206896551724138,5.517241379310345,3.4482758620689653,11.03448275862069
132,1.5151515151515151,12.121212121212121,3.787878787878788,2.272727272727273,4.545454545454546,16.666666666666664,1.5151515151515151,0.0,1.5151515151515151,2.272727272727273,6.0606060606060606,9.848484848484848,3.787878787878788,3.787878787878788,0.7575757575757576,1.5151515151515151,5.303030303030303,2.272727272727273,9.090909090909092,11.363636363636363
137,2.9197080291970803,7.2992700729927,4.37956204379562,3.64963503649635,2.9197080291970803,10.218978102189782,0.7299270072992701,2.18978102189781,5.839416058394161,10.218978102189782,4.37956204379562,3.64963503649635,6.569343065693431,6.569343065693431,2.9197080291970803,2.18978102189781,5.839416058394161,3.64963503649635,6.569343065693431,7.2992700729927
154,1.2987012987012987,9.740259740259742,1.948051948051948,7.142857142857142,3.2467532467532463,8.441558441558442,2.5974025974025974,0.0,3.2467532467532463,5.844155844155844,1.948051948051948,4.545454545454546,3.896103896103896,9.740259740259742,1.2987012987012987,3.2467532467532463,7.142857142857142,1.948051948051948,12.987012987012985,9.740259740259742
162,1.2345679012345678,9.876543209876543,0.6172839506172839,8.024691358024691,2.4691358024691357,9.25925925925926,0.6172839506172839,0.0,3.7037037037037033,8.024691358024691,3.7037037037037033,4.938271604938271,4.320987654320987,8.641975308641975,0.6172839506172839,3.0864197530864197,8.641975308641975,1.8518518518518516,9.876543209876543,10.493827160493826
113,5.3097345132743365,15.04424778761062,3.5398230088495577,6.1946902654867255,4.424778761061947,7.079646017699115,3.5398230088495577,0.8849557522123894,3.5398230088495577,2.6548672566371683,3.5398230088495577,2.6548672566371683,12.389380530973451,5.3097345132743365,0.8849557522123894,0.8849557522123894,7.079646017699115,4.424778761061947,4.424778761061947,6.1946902654867255
197,7.614213197969544,2.5380710659898478,4.568527918781726,6.598984771573605,4.568527918781726,9.137055837563452,2.030456852791878,3.0456852791878175,4.060913705583756,2.030456852791878,5.583756345177665,9.137055837563452,7.1065989847715745,8.121827411167512,4.060913705583756,4.060913705583756,3.0456852791878175,5.0761421319796955,2.5380710659898478,5.0761421319796955
153,4.57516339869281,5.228758169934641,5.228758169934641,3.9215686274509802,4.57516339869281,6.535947712418301,1.3071895424836601,0.6535947712418301,3.9215686274509802,4.57516339869281,4.57516339869281,8.49673202614379,3.9215686274509802,9.803921568627452,1.3071895424836601,7.8431372549019605,7.18954248366013,3.9215686274509802,3.2679738562091507,9.15032679738562
174,3.4482758620689653,5.172413793103448,4.022988505747127,14.367816091954023,6.896551724137931,5.172413793103448,0.5747126436781609,1.1494252873563218,4.022988505747127,2.2988505747126435,0.0,0.0,8.045977011494253,22.413793103448278,2.2988505747126435,8.045977011494253,4.597701149425287,1.1494252873563218,3.4482758620689653,2.8735632183908044
192,4.166666666666666,10.416666666666668,3.125,4.6875,5.729166666666666,5.729166666666666,1.0416666666666665,1.0416666666666665,2.604166666666667,6.770833333333333,5.208333333333334,3.125,5.208333333333334,3.6458333333333335,3.6458333333333335,6.770833333333333,9.375,1.5625,7.291666666666667,8.854166666666668
125,8.0,7.199999999999999,3.2,0.8,4.8,6.4,0.8,0.0,8.0,4.8,7.199999999999999,3.2,4.8,7.199999999999999,1.6,5.6000000000000005,5.6000000000000005,3.2,8.0,9.6
104,3.8461538461538463,5.769230769230769,3.8461538461538463,3.8461538461538463,3.8461538461538463,6.730769230769231,1.9230769230769231,1.9230769230769231,3.8461538461538463,5.769230769230769,4.807692307692308,2.8846153846153846,13.461538461538462,1.9230769230769231,1.9230769230769231,2.8846153846153846,5.769230769230769,2.8846153846153846,6.730769230769231,15.384615384615385
97,3.0927835051546393,2.0618556701030926,4.123711340206185,10.309278350515463,0.0,1.0309278350515463,3.0927835051546393,1.0309278350515463,3.0927835051546393,9.278350515463918,0.0,1.0309278350515463,9.278350515463918,16.49484536082474,4.123711340206185,3.0927835051546393,4.123711340206185,3.0927835051546393,8.24742268041237,13.402061855670103
154,2.5974025974025974,5.844155844155844,5.194805194805195,3.896103896103896,6.493506493506493,8.441558441558442,2.5974025974025974,1.2987012987012987,5.194805194805195,4.545454545454546,7.792207792207792,3.896103896103896,3.2467532467532463,5.194805194805195,0.6493506493506493,9.090909090909092,4.545454545454546,1.2987012987012987,6.493506493506493,11.688311688311687
102,0.0,6.862745098039216,1.9607843137254901,9.803921568627452,7.8431372549019605,3.9215686274509802,0.0,3.9215686274509802,2.941176470588235,1.9607843137254901,9.803921568627452,7.8431372549019605,3.9215686274509802,5.88235294117647,0.0,0.9803921568627451,10.784313725490197,2.941176470588235,11.76470588235294,6.862745098039216
131,3.0534351145038165,3.816793893129771,5.343511450381679,6.106870229007633,4.580152671755725,7.633587786259542,0.7633587786259541,1.5267175572519083,3.816793893129771,9.923664122137405,6.106870229007633,4.580152671755725,11.450381679389313,1.5267175572519083,0.7633587786259541,3.0534351145038165,9.16030534351145,2.2900763358778624,3.816793893129771,10.687022900763358
80,6.25,10.0,2.5,5.0,5.0,3.75,0.0,0.0,7.5,3.75,5.0,6.25,8.75,6.25,1.25,2.5,10.0,3.75,3.75,8.75
51,1.9607843137254901,5.88235294117647,3.9215686274509802,3.9215686274509802,0.0,0.0,3.9215686274509802,3.9215686274509802,5.88235294117647,5.88235294117647,7.8431372549019605,5.88235294117647,3.9215686274509802,17.647058823529413,0.0,3.9215686274509802,0.0,3.9215686274509802,3.9215686274509802,17.647058823529413
151,3.3112582781456954,12.582781456953644,1.9867549668874174,7.28476821192053,4.635761589403973,3.3112582781456954,3.3112582781456954,1.3245033112582782,1.9867549668874174,3.9735099337748347,5.298013245033113,2.6490066225165565,5.298013245033113,9.933774834437086,0.0,4.635761589403973,7.28476821192053,1.3245033112582782,8.609271523178808,11.258278145695364
127,2.3622047244094486,6.299212598425196,1.574803149606299,2.3622047244094486,2.3622047244094486,5.511811023622047,1.574803149606299,0.0,6.299212598425196,3.937007874015748,7.086614173228346,3.937007874015748,11.811023622047244,9.448818897637794,1.574803149606299,3.937007874015748,7.874015748031496,3.937007874015748,10.236220472440944,7.874015748031496
168,4.761904761904762,8.928571428571429,3.571428571428571,10.714285714285714,4.761904761904762,4.166666666666666,1.1904761904761905,1.7857142857142856,3.571428571428571,7.142857142857142,4.166666666666666,4.761904761904762,4.761904761904762,2.380952380952381,2.380952380952381,3.571428571428571,10.119047619047619,1.1904761904761905,11.30952380952381,4.761904761904762
161,1.8633540372670807,6.832298136645963,5.590062111801243,3.1055900621118013,13.664596273291925,16.149068322981368,0.0,0.0,4.3478260869565215,3.7267080745341614,3.7267080745341614,3.1055900621118013,7.453416149068323,2.484472049689441,1.2422360248447204,0.6211180124223602,6.832298136645963,6.832298136645963,4.3478260869565215,8.074534161490684
186,2.6881720430107525,6.989247311827956,5.376344086021505,10.21505376344086,4.301075268817205,6.989247311827956,3.225806451612903,1.0752688172043012,3.225806451612903,7.526881720430108,1.6129032258064515,4.838709677419355,8.60215053763441,3.225806451612903,3.763440860215054,5.376344086021505,4.301075268817205,2.1505376344086025,5.913978494623656,8.60215053763441
75,2.666666666666667,8.0,2.666666666666667,6.666666666666667,5.333333333333334,12.0,1.3333333333333335,1.3333333333333335,4.0,8.0,9.333333333333334,4.0,2.666666666666667,9.333333333333334,1.3333333333333335,1.3333333333333335,4.0,2.666666666666667,8.0,5.333333333333334
180,0.5555555555555556,11.11111111111111,1.6666666666666667,6.666666666666667,6.111111111111111,10.555555555555555,0.5555555555555556,0.5555555555555556,2.7777777777777777,4.444444444444445,3.888888888888889,3.888888888888889,3.888888888888889,6.666666666666667,1.1111111111111112,2.2222222222222223,6.666666666666667,3.3333333333333335,7.777777777777778,15.555555555555555
155,2.5806451612903225,9.67741935483871,3.870967741935484,5.161290322580645,2.5806451612903225,11.612903225806452,2.5806451612903225,2.5806451612903225,5.161290322580645,3.225806451612903,5.161290322580645,4.516129032258064,9.032258064516128,5.806451612903226,1.2903225806451613,5.806451612903226,5.161290322580645,2.5806451612903225,5.806451612903226,5.806451612903226
75,6.666666666666667,10.666666666666668,2.666666666666667,8.0,5.333333333333334,8.0,9.333333333333334,1.3333333333333335,0.0,1.3333333333333335,4.0,5.333333333333334,2.666666666666667,8.0,1.3333333333333335,6.666666666666667,6.666666666666667,4.0,1.3333333333333335,6.666666666666667
177,1.694915254237288,6.779661016949152,0.5649717514124294,6.214689265536723,10.734463276836157,13.559322033898304,2.2598870056497176,1.694915254237288,3.389830508474576,3.389830508474576,3.389830508474576,6.779661016949152,7.344632768361582,5.084745762711865,0.0,9.03954802259887,4.519774011299435,3.389830508474576,9.03954802259887,1.1299435028248588
178,5.056179775280898,8.426966292134832,5.056179775280898,5.056179775280898,5.056179775280898,6.741573033707865,0.5617977528089888,1.1235955056179776,4.49438202247191,5.617977528089887,5.617977528089887,5.617977528089887,5.056179775280898,3.932584269662921,2.247191011235955,6.179775280898876,2.8089887640449436,3.932584269662921,7.303370786516854,10.112359550561797
171,3.508771929824561,9.35672514619883,4.678362573099415,1.1695906432748537,8.187134502923977,11.695906432748536,1.7543859649122806,1.7543859649122806,5.847953216374268,6.432748538011696,5.847953216374268,6.432748538011696,7.602339181286549,4.678362573099415,1.7543859649122806,3.508771929824561,7.017543859649122,1.7543859649122806,2.923976608187134,4.093567251461988
158,1.89873417721519,6.962025316455696,5.69620253164557,9.49367088607595,17.088607594936708,7.59493670886076,1.2658227848101267,3.1645569620253164,5.063291139240507,1.89873417721519,2.5316455696202533,1.2658227848101267,5.69620253164557,3.79746835443038,1.89873417721519,2.5316455696202533,3.79746835443038,3.79746835443038,5.063291139240507,9.49367088607595
174,10.344827586206897,0.5747126436781609,6.321839080459771,8.045977011494253,6.896551724137931,3.4482758620689653,2.8735632183908044,2.2988505747126435,6.321839080459771,0.5747126436781609,3.4482758620689653,3.4482758620689653,9.770114942528735,11.494252873563218,5.747126436781609,1.7241379310344827,1.7241379310344827,13.793103448275861,0.5747126436781609,0.5747126436781609
178,3.3707865168539324,7.303370786516854,4.49438202247191,3.932584269662921,4.49438202247191,7.865168539325842,1.6853932584269662,0.5617977528089888,3.3707865168539324,3.932584269662921,8.426966292134832,3.3707865168539324,10.112359550561797,10.112359550561797,1.6853932584269662,2.8089887640449436,5.056179775280898,1.6853932584269662,5.617977528089887,10.112359550561797
174,10.344827586206897,0.5747126436781609,6.321839080459771,8.620689655172415,6.321839080459771,4.597701149425287,3.4482758620689653,2.2988505747126435,5.172413793103448,0.0,2.8735632183908044,2.2988505747126435,9.770114942528735,11.494252873563218,5.747126436781609,1.7241379310344827,2.2988505747126435,14.367816091954023,1.1494252873563218,0.5747126436781609
140,3.571428571428571,12.142857142857142,2.857142857142857,7.857142857142857,7.142857142857142,10.714285714285714,1.4285714285714286,0.0,5.0,5.0,7.142857142857142,6.428571428571428,0.7142857142857143,7.142857142857142,0.7142857142857143,2.142857142857143,5.0,2.142857142857143,5.714285714285714,7.142857142857142
161,1.8633540372670807,6.832298136645963,8.074534161490684,2.484472049689441,5.590062111801243,6.211180124223603,3.7267080745341614,0.6211180124223602,6.832298136645963,7.453416149068323,6.211180124223603,1.8633540372670807,9.937888198757763,3.1055900621118013,2.484472049689441,4.3478260869565215,5.590062111801243,2.484472049689441,6.211180124223603,8.074534161490684
118,0.847457627118644,11.864406779661017,8.47457627118644,8.47457627118644,5.084745762711865,5.084745762711865,0.847457627118644,0.0,3.389830508474576,5.084745762711865,5.084745762711865,3.389830508474576,5.932203389830509,2.5423728813559325,1.694915254237288,7.627118644067797,5.932203389830509,4.23728813559322,6.779661016949152,7.627118644067797
162,1.8518518518518516,6.790123456790123,6.790123456790123,7.4074074074074066,4.938271604938271,6.790123456790123,3.0864197530864197,1.8518518518518516,3.0864197530864197,4.320987654320987,13.580246913580247,1.8518518518518516,5.555555555555555,3.7037037037037033,1.8518518518518516,4.938271604938271,8.024691358024691,4.938271604938271,3.0864197530864197,5.555555555555555
185,3.2432432432432434,9.18918918918919,3.783783783783784,5.405405405405405,5.9459459459459465,8.108108108108109,0.0,0.5405405405405406,4.864864864864865,4.864864864864865,4.864864864864865,7.567567567567568,6.486486486486487,5.405405405405405,2.1621621621621623,1.6216216216216217,9.72972972972973,2.7027027027027026,4.864864864864865,8.64864864864865
71,5.633802816901409,7.042253521126761,1.4084507042253522,2.8169014084507045,1.4084507042253522,5.633802816901409,2.8169014084507045,4.225352112676056,4.225352112676056,4.225352112676056,8.450704225352112,4.225352112676056,8.450704225352112,4.225352112676056,2.8169014084507045,2.8169014084507045,7.042253521126761,4.225352112676056,7.042253521126761,11.267605633802818
160,3.75,3.75,3.125,3.125,1.875,5.0,4.375,0.625,4.375,6.25,8.125,3.75,7.5,8.75,0.625,6.25,6.25,3.125,5.0,14.374999999999998
126,2.380952380952381,7.936507936507936,0.7936507936507936,7.936507936507936,3.1746031746031744,6.349206349206349,3.968253968253968,1.5873015873015872,1.5873015873015872,6.349206349206349,3.968253968253968,1.5873015873015872,7.936507936507936,5.555555555555555,3.968253968253968,7.142857142857142,7.936507936507936,3.1746031746031744,9.523809523809524,7.142857142857142
170,5.88235294117647,9.411764705882353,5.88235294117647,5.88235294117647,5.294117647058823,11.76470588235294,2.3529411764705883,1.7647058823529411,1.7647058823529411,4.117647058823529,5.294117647058823,1.1764705882352942,6.470588235294119,4.117647058823529,1.7647058823529411,2.3529411764705883,6.470588235294119,4.705882352941177,4.705882352941177,8.823529411764707
163,6.134969325153374,5.521472392638037,2.4539877300613497,6.748466257668712,2.4539877300613497,3.067484662576687,3.067484662576687,0.6134969325153374,3.067484662576687,5.521472392638037,3.067484662576687,4.9079754601226995,7.361963190184049,1.2269938650306749,5.521472392638037,16.56441717791411,10.429447852760736,3.6809815950920246,6.748466257668712,1.8404907975460123
83,0.0,9.63855421686747,0.0,7.228915662650602,2.4096385542168677,9.63855421686747,1.2048192771084338,1.2048192771084338,6.024096385542169,4.819277108433735,1.2048192771084338,3.614457831325301,6.024096385542169,4.819277108433735,0.0,12.048192771084338,10.843373493975903,2.4096385542168677,7.228915662650602,9.63855421686747
123,0.8130081300813009,8.94308943089431,6.504065040650407,17.88617886178862,11.38211382113821,8.130081300813007,1.6260162601626018,0.0,4.0650406504065035,4.878048780487805,2.4390243902439024,0.8130081300813009,1.6260162601626018,4.878048780487805,0.8130081300813009,5.691056910569105,4.0650406504065035,2.4390243902439024,5.691056910569105,7.317073170731707
105,3.8095238095238098,5.714285714285714,6.666666666666667,9.523809523809524,6.666666666666667,9.523809523809524,0.0,0.9523809523809524,3.8095238095238098,2.857142857142857,6.666666666666667,5.714285714285714,4.761904761904762,5.714285714285714,0.9523809523809524,5.714285714285714,7.6190476190476195,2.857142857142857,3.8095238095238098,6.666666666666667
109,2.7522935779816518,7.339449541284404,1.834862385321101,7.339449541284404,4.587155963302752,10.091743119266056,2.7522935779816518,0.9174311926605505,2.7522935779816518,6.422018348623854,2.7522935779816518,4.587155963302752,2.7522935779816518,6.422018348623854,0.0,2.7522935779816518,5.5045871559633035,3.669724770642202,3.669724770642202,21.100917431192663
152,3.9473684210526314,12.5,7.236842105263158,5.921052631578947,3.9473684210526314,2.631578947368421,1.9736842105263157,1.3157894736842104,3.9473684210526314,8.552631578947368,4.605263157894736,1.3157894736842104,3.9473684210526314,6.578947368421052,1.3157894736842104,4.605263157894736,7.894736842105263,5.921052631578947,8.552631578947368,3.289473684210526
156,0.641025641025641,11.538461538461538,2.564102564102564,4.487179487179487,7.6923076923076925,8.974358974358974,1.282051282051282,1.282051282051282,6.41025641025641,5.128205128205128,4.487179487179487,3.205128205128205,4.487179487179487,5.128205128205128,4.487179487179487,5.128205128205128,8.974358974358974,3.205128205128205,7.051282051282051,3.8461538461538463
187,1.6042780748663104,13.903743315508022,3.7433155080213902,5.347593582887701,5.88235294117647,10.695187165775401,1.6042780748663104,0.53475935828877,4.27807486631016,3.7433155080213902,4.81283422459893,9.090909090909092,2.6737967914438503,5.347593582887701,0.53475935828877,3.2085561497326207,5.347593582887701,2.13903743315508,6.417112299465241,9.090909090909092
106,5.660377358490567,9.433962264150944,3.7735849056603774,4.716981132075472,4.716981132075472,6.60377358490566,1.8867924528301887,0.9433962264150944,1.8867924528301887,2.8301886792452833,1.8867924528301887,3.7735849056603774,6.60377358490566,14.150943396226415,0.0,4.716981132075472,3.7735849056603774,4.716981132075472,6.60377358490566,11.320754716981133
135,2.9629629629629632,8.88888888888889,5.185185185185185,3.7037037037037033,6.666666666666667,8.88888888888889,1.4814814814814816,2.9629629629629632,5.185185185185185,8.148148148148149,5.185185185185185,3.7037037037037033,5.9259259259259265,2.9629629629629632,1.4814814814814816,1.4814814814814816,6.666666666666667,0.7407407407407408,5.185185185185185,12.592592592592592
194,1.5463917525773196,12.371134020618557,2.0618556701030926,6.701030927835052,8.24742268041237,9.278350515463918,3.0927835051546393,0.5154639175257731,3.608247422680412,5.670103092783505,3.0927835051546393,2.5773195876288657,5.670103092783505,4.639175257731959,1.5463917525773196,8.24742268041237,5.154639175257731,3.608247422680412,5.154639175257731,7.216494845360824
145,1.3793103448275863,13.10344827586207,5.517241379310345,6.896551724137931,4.137931034482759,14.482758620689657,2.0689655172413794,0.0,4.827586206896552,4.137931034482759,2.7586206896551726,6.896551724137931,2.0689655172413794,4.827586206896552,0.6896551724137931,2.0689655172413794,4.137931034482759,3.4482758620689653,10.344827586206897,6.206896551724138
147,4.081632653061225,13.60544217687075,2.7210884353741496,1.3605442176870748,7.482993197278912,8.16326530612245,4.761904761904762,2.0408163265306123,2.7210884353741496,6.122448979591836,2.0408163265306123,7.482993197278912,5.442176870748299,6.802721088435375,2.0408163265306123,4.761904761904762,5.442176870748299,0.6802721088435374,7.482993197278912,4.761904761904762
179,2.2346368715083798,10.05586592178771,3.35195530726257,6.70391061452514,3.910614525139665,7.262569832402235,3.910614525139665,2.793296089385475,5.027932960893855,7.82122905027933,7.262569832402235,5.027932960893855,6.145251396648044,5.027932960893855,2.2346368715083798,0.5586592178770949,8.938547486033519,3.35195530726257,3.910614525139665,4.4692737430167595
153,5.228758169934641,9.803921568627452,3.2679738562091507,5.88235294117647,7.8431372549019605,2.6143790849673203,3.2679738562091507,2.6143790849673203,1.9607843137254901,5.228758169934641,1.9607843137254901,3.2679738562091507,7.18954248366013,7.8431372549019605,11.11111111111111,3.9215686274509802,2.6143790849673203,1.9607843137254901,7.8431372549019605,4.57516339869281
174,4.022988505747127,10.344827586206897,5.172413793103448,4.022988505747127,9.195402298850574,8.620689655172415,3.4482758620689653,0.5747126436781609,6.896551724137931,2.8735632183908044,3.4482758620689653,5.172413793103448,4.597701149425287,4.597701149425287,1.7241379310344827,1.7241379310344827,3.4482758620689653,4.022988505747127,7.471264367816093,8.620689655172415
131,2.2900763358778624,13.740458015267176,9.923664122137405,6.870229007633588,3.0534351145038165,1.5267175572519083,0.7633587786259541,3.0534351145038165,3.0534351145038165,3.0534351145038165,9.16030534351145,1.5267175572519083,8.396946564885496,2.2900763358778624,3.816793893129771,3.816793893129771,7.633587786259542,2.2900763358778624,12.213740458015266,1.5267175572519083
175,4.571428571428571,10.857142857142858,2.857142857142857,6.2857142857142865,4.571428571428571,3.428571428571429,5.714285714285714,4.0,0.5714285714285714,5.142857142857142,5.142857142857142,8.0,13.142857142857142,5.714285714285714,2.2857142857142856,5.142857142857142,5.142857142857142,2.857142857142857,2.857142857142857,1.7142857142857144
180,3.3333333333333335,7.222222222222221,3.888888888888889,6.111111111111111,6.666666666666667,8.88888888888889,2.2222222222222223,2.2222222222222223,3.3333333333333335,8.88888888888889,8.333333333333332,1.1111111111111112,10.0,5.0,1.6666666666666667,0.5555555555555556,6.111111111111111,2.7777777777777777,4.444444444444445,7.222222222222221
68,1.4705882352941175,8.823529411764707,1.4705882352941175,7.352941176470589,4.411764705882353,7.352941176470589,1.4705882352941175,0.0,4.411764705882353,4.411764705882353,8.823529411764707,4.411764705882353,2.941176470588235,5.88235294117647,2.941176470588235,5.88235294117647,5.88235294117647,2.941176470588235,10.294117647058822,8.823529411764707
109,3.669724770642202,10.091743119266056,6.422018348623854,6.422018348623854,2.7522935779816518,3.669724770642202,2.7522935779816518,2.7522935779816518,3.669724770642202,4.587155963302752,5.5045871559633035,2.7522935779816518,4.587155963302752,6.422018348623854,1.834862385321101,3.669724770642202,2.7522935779816518,6.422018348623854,11.009174311926607,8.256880733944955
67,1.4925373134328357,11.940298507462686,2.9850746268656714,4.477611940298507,5.970149253731343,13.432835820895523,0.0,2.9850746268656714,4.477611940298507,2.9850746268656714,1.4925373134328357,2.9850746268656714,1.4925373134328357,1.4925373134328357,2.9850746268656714,7.462686567164178,8.955223880597014,5.970149253731343,1.4925373134328357,14.925373134328357
111,2.7027027027027026,5.405405405405405,5.405405405405405,8.108108108108109,5.405405405405405,7.207207207207207,3.6036036036036037,0.9009009009009009,2.7027027027027026,3.6036036036036037,6.306306306306306,2.7027027027027026,11.711711711711711,6.306306306306306,1.8018018018018018,5.405405405405405,6.306306306306306,0.9009009009009009,4.504504504504505,9.00900900900901
134,1.4925373134328357,7.462686567164178,3.731343283582089,8.955223880597014,2.9850746268656714,5.223880597014925,2.2388059701492535,0.0,5.970149253731343,5.970149253731343,4.477611940298507,8.208955223880597,10.44776119402985,3.731343283582089,5.970149253731343,5.223880597014925,6.7164179104477615,2.2388059701492535,4.477611940298507,4.477611940298507
173,6.358381502890173,6.9364161849710975,10.982658959537572,9.248554913294797,1.1560693641618496,1.1560693641618496,1.7341040462427744,3.4682080924855487,1.7341040462427744,4.624277456647398,6.9364161849710975,1.7341040462427744,9.248554913294797,6.358381502890173,2.8901734104046244,0.0,4.624277456647398,8.092485549132949,11.560693641618498,1.1560693641618496
173,9.826589595375722,0.5780346820809248,6.358381502890173,8.670520231213873,8.670520231213873,1.7341040462427744,4.046242774566474,2.312138728323699,5.780346820809249,1.1560693641618496,2.8901734104046244,2.8901734104046244,9.248554913294797,10.982658959537572,6.358381502890173,1.1560693641618496,1.7341040462427744,13.872832369942195,0.5780346820809248,1.1560693641618496
199,3.5175879396984926,10.552763819095476,5.025125628140704,9.547738693467336,3.015075376884422,6.030150753768844,2.0100502512562812,1.507537688442211,3.015075376884422,6.532663316582915,2.512562814070352,2.512562814070352,5.025125628140704,4.522613065326634,0.5025125628140703,10.050251256281408,3.015075376884422,2.0100502512562812,13.5678391959799,5.527638190954774
196,6.122448979591836,4.081632653061225,4.081632653061225,7.653061224489796,3.061224489795918,8.16326530612245,4.081632653061225,4.081632653061225,4.081632653061225,3.061224489795918,4.081632653061225,8.16326530612245,8.673469387755102,5.612244897959184,3.571428571428571,4.081632653061225,4.081632653061225,5.1020408163265305,5.1020408163265305,3.061224489795918
167,0.5988023952095809,10.778443113772456,5.389221556886228,2.9940119760479043,10.179640718562874,11.377245508982035,1.7964071856287425,0.0,4.790419161676647,2.9940119760479043,4.191616766467066,2.9940119760479043,8.982035928143713,5.9880239520958085,1.7964071856287425,2.3952095808383236,4.191616766467066,7.18562874251497,3.592814371257485,7.784431137724551
136,6.61764705882353,13.23529411764706,5.147058823529411,2.2058823529411766,1.4705882352941175,8.823529411764707,4.411764705882353,1.4705882352941175,4.411764705882353,2.941176470588235,1.4705882352941175,13.970588235294118,1.4705882352941175,5.88235294117647,2.2058823529411766,4.411764705882353,2.941176470588235,2.2058823529411766,8.088235294117647,6.61764705882353
199,1.507537688442211,17.587939698492463,3.015075376884422,8.040201005025125,3.5175879396984926,9.547738693467336,4.522613065326634,0.5025125628140703,3.015075376884422,2.512562814070352,4.522613065326634,5.527638190954774,4.522613065326634,6.030150753768844,0.5025125628140703,3.5175879396984926,7.035175879396985,2.0100502512562812,6.030150753768844,6.532663316582915
168,0.5952380952380952,10.119047619047619,1.7857142857142856,16.071428571428573,7.738095238095238,1.7857142857142856,0.5952380952380952,0.0,3.571428571428571,8.928571428571429,2.976190476190476,2.976190476190476,5.357142857142857,1.7857142857142856,0.0,7.142857142857142,7.142857142857142,2.976190476190476,10.714285714285714,7.738095238095238
144,6.25,11.805555555555555,9.722222222222223,11.11111111111111,2.7777777777777777,1.3888888888888888,0.6944444444444444,4.861111111111112,1.3888888888888888,4.861111111111112,6.25,2.7777777777777777,6.25,2.7777777777777777,0.0,2.083333333333333,8.333333333333332,4.166666666666666,8.333333333333332,4.166666666666666
103,0.0,11.650485436893204,5.825242718446602,8.737864077669903,4.854368932038835,4.854368932038835,1.9417475728155338,0.0,4.854368932038835,4.854368932038835,11.650485436893204,2.912621359223301,6.796116504854369,5.825242718446602,3.8834951456310676,2.912621359223301,7.766990291262135,2.912621359223301,4.854368932038835,2.912621359223301
95,0.0,12.631578947368421,1.0526315789473684,4.2105263157894735,3.1578947368421053,11.578947368421053,1.0526315789473684,1.0526315789473684,2.1052631578947367,3.1578947368421053,6.315789473684211,5.263157894736842,5.263157894736842,8.421052631578947,2.1052631578947367,2.1052631578947367,7.368421052631578,3.1578947368421053,8.421052631578947,11.578947368421053
148,2.027027027027027,5.405405405405405,4.054054054054054,9.45945945945946,3.3783783783783785,4.054054054054054,1.3513513513513513,0.6756756756756757,5.405405405405405,6.081081081081082,10.135135135135135,7.4324324324324325,8.108108108108109,6.081081081081082,0.6756756756756757,7.4324324324324325,7.4324324324324325,1.3513513513513513,3.3783783783783785,6.081081081081082
106,1.8867924528301887,10.377358490566039,2.8301886792452833,2.8301886792452833,3.7735849056603774,12.264150943396226,2.8301886792452833,0.0,5.660377358490567,7.547169811320755,3.7735849056603774,6.60377358490566,4.716981132075472,3.7735849056603774,0.0,8.49056603773585,5.660377358490567,1.8867924528301887,8.49056603773585,6.60377358490566
112,4.464285714285714,7.142857142857142,5.357142857142857,8.035714285714286,3.571428571428571,11.607142857142858,2.6785714285714284,0.0,4.464285714285714,6.25,6.25,0.8928571428571428,6.25,2.6785714285714284,2.6785714285714284,5.357142857142857,5.357142857142857,4.464285714285714,7.142857142857142,5.357142857142857
193,2.5906735751295336,8.808290155440414,3.6269430051813467,4.66321243523316,7.772020725388601,8.290155440414509,1.0362694300518136,1.0362694300518136,3.1088082901554404,4.145077720207254,5.699481865284974,2.5906735751295336,4.66321243523316,6.7357512953367875,3.1088082901554404,5.699481865284974,8.808290155440414,2.5906735751295336,6.217616580310881,8.808290155440414
159,0.0,11.320754716981133,2.515723270440252,8.80503144654088,7.547169811320755,10.062893081761008,2.515723270440252,0.0,5.660377358490567,5.660377358490567,6.289308176100629,3.1446540880503147,3.7735849056603774,6.289308176100629,1.257861635220126,5.031446540880504,10.062893081761008,1.257861635220126,5.660377358490567,3.1446540880503147
127,3.149606299212598,11.023622047244094,3.149606299212598,3.937007874015748,5.511811023622047,7.874015748031496,1.574803149606299,1.574803149606299,5.511811023622047,3.937007874015748,1.574803149606299,4.724409448818897,10.236220472440944,7.874015748031496,4.724409448818897,0.0,7.874015748031496,3.937007874015748,3.937007874015748,7.874015748031496
133,1.5037593984962405,5.263157894736842,0.7518796992481203,1.5037593984962405,6.7669172932330826,18.796992481203006,0.7518796992481203,0.0,2.2556390977443606,1.5037593984962405,3.007518796992481,3.7593984962406015,9.022556390977442,6.015037593984962,1.5037593984962405,5.263157894736842,3.007518796992481,6.7669172932330826,10.526315789473683,12.030075187969924
164,0.6097560975609756,12.804878048780488,4.878048780487805,6.707317073170732,7.926829268292683,4.2682926829268295,2.4390243902439024,0.0,3.048780487804878,7.317073170731707,3.048780487804878,4.878048780487805,6.707317073170732,4.2682926829268295,2.4390243902439024,4.878048780487805,9.75609756097561,2.4390243902439024,6.707317073170732,4.878048780487805
107,1.8691588785046727,7.476635514018691,6.5420560747663545,5.607476635514018,8.411214953271028,6.5420560747663545,1.8691588785046727,0.9345794392523363,6.5420560747663545,3.7383177570093453,3.7383177570093453,2.803738317757009,5.607476635514018,0.0,3.7383177570093453,3.7383177570093453,9.345794392523365,1.8691588785046727,7.476635514018691,12.149532710280374
152,2.631578947368421,7.236842105263158,3.9473684210526314,4.605263157894736,3.9473684210526314,5.263157894736842,4.605263157894736,0.6578947368421052,4.605263157894736,6.578947368421052,7.894736842105263,5.921052631578947,5.921052631578947,6.578947368421052,2.631578947368421,5.263157894736842,5.921052631578947,3.289473684210526,7.894736842105263,4.605263157894736
95,2.1052631578947367,4.2105263157894735,3.1578947368421053,10.526315789473683,6.315789473684211,5.263157894736842,1.0526315789473684,1.0526315789473684,4.2105263157894735,5.263157894736842,5.263157894736842,6.315789473684211,7.368421052631578,6.315789473684211,4.2105263157894735,1.0526315789473684,4.2105263157894735,7.368421052631578,7.368421052631578,7.368421052631578
197,3.0456852791878175,7.1065989847715745,6.598984771573605,6.598984771573605,7.614213197969544,4.568527918781726,1.5228426395939088,1.015228426395939,2.030456852791878,5.0761421319796955,7.614213197969544,5.583756345177665,8.121827411167512,4.568527918781726,1.015228426395939,5.0761421319796955,7.614213197969544,1.015228426395939,7.614213197969544,6.598984771573605
126,2.380952380952381,7.936507936507936,3.968253968253968,10.317460317460316,3.1746031746031744,6.349206349206349,0.7936507936507936,0.0,3.1746031746031744,7.936507936507936,3.968253968253968,6.349206349206349,3.968253968253968,8.73015873015873,2.380952380952381,3.1746031746031744,5.555555555555555,4.761904761904762,11.904761904761903,3.1746031746031744
181,3.314917127071823,10.497237569060774,4.41988950276243,6.629834254143646,4.972375690607735,7.18232044198895,0.0,2.209944751381215,2.7624309392265194,8.287292817679557,5.524861878453039,3.867403314917127,8.287292817679557,4.972375690607735,0.5524861878453038,2.209944751381215,7.734806629834254,3.867403314917127,6.077348066298343,6.629834254143646
86,5.813953488372093,8.13953488372093,3.488372093023256,8.13953488372093,6.976744186046512,6.976744186046512,5.813953488372093,2.3255813953488373,5.813953488372093,3.488372093023256,3.488372093023256,4.651162790697675,4.651162790697675,4.651162790697675,2.3255813953488373,4.651162790697675,2.3255813953488373,4.651162790697675,5.813953488372093,5.813953488372093
164,3.6585365853658534,8.536585365853659,6.707317073170732,7.317073170731707,4.2682926829268295,7.317073170731707,1.8292682926829267,1.8292682926829267,1.2195121951219512,6.707317073170732,3.6585365853658534,6.097560975609756,6.707317073170732,3.6585365853658534,3.048780487804878,1.2195121951219512,8.536585365853659,2.4390243902439024,6.707317073170732,8.536585365853659
188,2.6595744680851063,10.106382978723403,4.25531914893617,6.914893617021277,4.787234042553192,7.446808510638298,1.5957446808510638,1.0638297872340425,3.723404255319149,5.851063829787234,5.851063829787234,2.6595744680851063,5.851063829787234,5.319148936170213,1.0638297872340425,2.127659574468085,9.042553191489363,2.6595744680851063,8.51063829787234,8.51063829787234
70,2.857142857142857,11.428571428571429,2.857142857142857,4.285714285714286,5.714285714285714,7.142857142857142,0.0,0.0,2.857142857142857,4.285714285714286,5.714285714285714,1.4285714285714286,1.4285714285714286,7.142857142857142,1.4285714285714286,4.285714285714286,7.142857142857142,1.4285714285714286,5.714285714285714,22.857142857142858
110,5.454545454545454,7.2727272727272725,2.727272727272727,3.6363636363636362,0.9090909090909091,2.727272727272727,2.727272727272727,1.8181818181818181,4.545454545454546,4.545454545454546,3.6363636363636362,0.9090909090909091,10.909090909090908,10.909090909090908,0.9090909090909091,4.545454545454546,7.2727272727272725,2.727272727272727,9.090909090909092,12.727272727272727
155,0.6451612903225806,5.161290322580645,4.516129032258064,10.32258064516129,1.935483870967742,4.516129032258064,3.870967741935484,2.5806451612903225,4.516129032258064,6.451612903225806,1.2903225806451613,10.32258064516129,3.225806451612903,1.2903225806451613,1.2903225806451613,12.258064516129032,2.5806451612903225,5.806451612903226,14.838709677419354,2.5806451612903225
154,3.896103896103896,11.03896103896104,2.5974025974025974,7.792207792207792,3.2467532467532463,1.948051948051948,3.896103896103896,2.5974025974025974,1.2987012987012987,6.493506493506493,5.194805194805195,3.2467532467532463,9.740259740259742,4.545454545454546,3.2467532467532463,3.896103896103896,9.090909090909092,3.896103896103896,9.090909090909092,3.2467532467532463
125,2.4,12.0,0.8,6.4,3.2,7.199999999999999,0.8,0.8,4.0,7.199999999999999,1.6,15.2,3.2,5.6000000000000005,2.4,3.2,8.0,4.0,4.8,7.199999999999999
156,0.641025641025641,12.82051282051282,1.9230769230769231,6.41025641025641,7.6923076923076925,9.615384615384617,1.9230769230769231,0.0,3.205128205128205,5.128205128205128,3.205128205128205,3.8461538461538463,3.205128205128205,10.256410256410255,1.282051282051282,7.051282051282051,4.487179487179487,3.205128205128205,5.769230769230769,8.333333333333332
82,4.878048780487805,7.317073170731707,8.536585365853659,6.097560975609756,3.6585365853658534,4.878048780487805,4.878048780487805,2.4390243902439024,7.317073170731707,4.878048780487805,3.6585365853658534,1.2195121951219512,4.878048780487805,4.878048780487805,1.2195121951219512,6.097560975609756,6.097560975609756,1.2195121951219512,7.317073170731707,8.536585365853659
182,2.7472527472527473,7.6923076923076925,4.945054945054945,6.593406593406594,3.8461538461538463,4.945054945054945,2.197802197802198,0.0,4.945054945054945,3.8461538461538463,8.791208791208792,3.296703296703297,7.142857142857142,4.945054945054945,6.043956043956044,5.4945054945054945,10.989010989010989,1.6483516483516485,3.296703296703297,6.593406593406594
68,0.0,2.941176470588235,10.294117647058822,2.941176470588235,4.411764705882353,2.941176470588235,1.4705882352941175,0.0,2.941176470588235,2.941176470588235,14.705882352941178,5.88235294117647,7.352941176470589,5.88235294117647,1.4705882352941175,4.411764705882353,8.823529411764707,5.88235294117647,5.88235294117647,8.823529411764707
124,2.4193548387096775,4.032258064516129,1.6129032258064515,14.516129032258066,7.258064516129033,8.064516129032258,0.0,1.6129032258064515,1.6129032258064515,3.225806451612903,4.838709677419355,4.838709677419355,7.258064516129033,4.032258064516129,0.0,5.64516129032258,4.032258064516129,4.032258064516129,4.032258064516129,16.93548387096774
118,5.084745762711865,8.47457627118644,0.847457627118644,5.932203389830509,3.389830508474576,6.779661016949152,0.847457627118644,0.847457627118644,2.5423728813559325,6.779661016949152,5.932203389830509,10.16949152542373,2.5423728813559325,12.711864406779661,1.694915254237288,6.779661016949152,2.5423728813559325,2.5423728813559325,6.779661016949152,6.779661016949152
142,2.8169014084507045,14.788732394366196,5.633802816901409,6.338028169014084,4.929577464788732,5.633802816901409,0.7042253521126761,2.112676056338028,3.5211267605633805,7.042253521126761,3.5211267605633805,4.929577464788732,8.450704225352112,3.5211267605633805,4.225352112676056,1.4084507042253522,4.225352112676056,2.112676056338028,9.859154929577464,4.225352112676056
117,4.273504273504273,7.6923076923076925,2.564102564102564,8.547008547008547,5.982905982905983,5.982905982905983,0.8547008547008548,1.7094017094017095,2.564102564102564,5.982905982905983,3.418803418803419,2.564102564102564,6.837606837606838,7.6923076923076925,4.273504273504273,4.273504273504273,10.256410256410255,4.273504273504273,4.273504273504273,5.982905982905983
132,2.272727272727273,8.333333333333332,3.787878787878788,7.575757575757576,10.606060606060606,5.303030303030303,2.272727272727273,1.5151515151515151,2.272727272727273,4.545454545454546,3.0303030303030303,1.5151515151515151,8.333333333333332,2.272727272727273,4.545454545454546,5.303030303030303,9.090909090909092,3.787878787878788,4.545454545454546,9.090909090909092
152,1.3157894736842104,7.236842105263158,1.9736842105263157,7.894736842105263,4.605263157894736,9.210526315789473,0.6578947368421052,0.0,5.263157894736842,4.605263157894736,5.921052631578947,3.289473684210526,3.9473684210526314,11.842105263157894,3.289473684210526,3.289473684210526,5.921052631578947,2.631578947368421,4.605263157894736,12.5
